time	1	2	3	4	5	6	7	8	9	10	11	12	13	14	15	16	17	18	19	20	21	22	23	24	25	26	27	28	29	30	31	32	33	34	35	36	37	38	39	40	41	42	43	44	45	46	47	48	49	50
00:00	1.25	2.55	3.55	1.3	3.1	1.2	2.0	2.1	3.5	3.65	2.05	2.65	2.3	3.2	2.0	3.1	1.15	2.6	1.75	3.0	1.75	2.2	3.4499999999999993	3.4499999999999993	3.05	1.15	2.65	2.7	2.45	1.85	3.1	2.4	1.4000000000000004	3.95	2.6	3.25	2.35	2.05	2.4	1.2	2.6	2.9	3.8	3.15	2.7	2.45	2.35	2.35	2.05	3.5
00:05	1.25	2.55	3.55	1.3	3.1	1.2	2.0	2.1	3.5	3.65	2.05	2.65	2.3	3.2	2.0	3.1	1.15	2.6	1.75	3.0	1.75	2.2	3.4499999999999993	3.4499999999999993	3.05	1.15	2.65	2.7	2.45	1.85	3.1	2.4	1.4000000000000004	3.95	2.6	3.25	2.35	2.05	2.4	1.2	2.6	2.9	3.8	3.15	2.7	2.45	2.35	2.35	2.05	3.5
00:10	1.25	2.55	3.55	1.3	3.1	1.2	2.0	2.1	3.5	3.65	2.05	2.65	2.3	3.2	2.0	3.1	1.15	2.6	1.75	3.0	1.75	2.2	3.4499999999999993	3.4499999999999993	3.05	1.15	2.65	2.7	2.45	1.85	3.1	2.4	1.4000000000000004	3.95	2.6	3.25	2.35	2.05	2.4	1.2	2.6	2.9	3.8	3.15	2.7	2.45	2.35	2.35	2.05	3.5
00:15	1.25	2.55	3.55	1.3	3.1	1.2	2.0	2.1	3.5	3.65	2.05	2.65	2.3	3.2	2.0	3.1	1.15	2.6	1.75	3.0	1.75	2.2	3.4499999999999993	3.4499999999999993	3.05	1.15	2.65	2.7	2.45	1.85	3.1	2.4	1.4000000000000004	3.95	2.6	3.25	2.35	2.05	2.4	1.2	2.6	2.9	3.8	3.15	2.7	2.45	2.35	2.35	2.05	3.5
00:20	1.25	2.55	3.55	1.3	3.1	1.2	2.0	2.1	3.5	3.65	2.05	2.65	2.3	3.2	2.0	3.1	1.15	2.6	1.75	3.0	1.75	2.2	3.4499999999999993	3.4499999999999993	3.05	1.15	2.65	2.7	2.45	1.85	3.1	2.4	1.4000000000000004	3.95	2.6	3.25	2.35	2.05	2.4	1.2	2.6	2.9	3.8	3.15	2.7	2.45	2.35	2.35	2.05	3.5
00:25	1.25	2.55	3.55	1.3	3.1	1.2	2.0	2.1	3.5	3.65	2.05	2.65	2.3	3.2	2.0	3.1	1.15	2.6	1.75	3.0	1.75	2.2	3.4499999999999993	3.4499999999999993	3.05	1.15	2.65	2.7	2.45	1.85	3.1	2.4	1.4000000000000004	3.95	2.6	3.25	2.35	2.05	2.4	1.2	2.6	2.9	3.8	3.15	2.7	2.45	2.35	2.35	2.05	3.5
00:30	1.25	2.55	3.55	1.3	3.1	1.2	2.0	2.1	3.5	3.65	2.05	2.65	2.3	3.2	2.0	3.1	1.15	2.6	1.75	3.0	1.75	2.2	3.4499999999999993	3.4499999999999993	3.05	1.15	2.65	2.7	2.45	1.85	3.1	2.4	1.4000000000000004	3.95	2.6	3.25	2.35	2.05	2.4	1.2	2.6	2.9	3.8	3.15	2.7	2.45	2.35	2.35	2.05	3.5
00:35	1.25	2.55	3.55	1.3	3.1	1.2	2.0	2.1	3.5	3.65	2.05	2.65	2.3	3.2	2.0	3.1	1.15	2.6	1.75	3.0	1.75	2.2	3.4499999999999993	3.4499999999999993	3.05	1.15	2.65	2.7	2.45	1.85	3.1	2.4	1.4000000000000004	3.95	2.6	3.25	2.35	2.05	2.4	1.2	2.6	2.9	3.8	3.15	2.7	2.45	2.35	2.35	2.05	3.5
00:40	1.25	2.55	3.55	1.3	3.1	1.2	2.0	2.1	3.5	3.65	2.05	2.65	2.3	3.2	2.0	3.1	1.15	2.6	1.75	3.0	1.75	2.2	3.4499999999999993	3.4499999999999993	3.05	1.15	2.65	2.7	2.45	1.85	3.1	2.4	1.4000000000000004	3.95	2.6	3.25	2.35	2.05	2.4	1.2	2.6	2.9	3.8	3.15	2.7	2.45	2.35	2.35	2.05	3.5
00:45	1.25	2.55	3.55	1.3	3.1	1.2	2.0	2.1	3.5	3.65	2.05	2.65	2.3	3.2	2.0	3.1	1.15	2.6	1.75	3.0	1.75	2.2	3.4499999999999993	3.4499999999999993	3.05	1.15	2.65	2.7	2.45	1.85	3.1	2.4	1.4000000000000004	3.95	2.6	3.25	2.35	2.05	2.4	1.2	2.6	2.9	3.8	3.15	2.7	2.45	2.35	2.35	2.05	3.5
00:50	1.25	2.55	3.55	1.3	3.1	1.2	2.0	2.1	3.5	3.65	2.05	2.65	2.3	3.2	2.0	3.1	1.15	2.6	1.75	3.0	1.75	2.2	3.4499999999999993	3.4499999999999993	3.05	1.15	2.65	2.7	2.45	1.85	3.1	2.4	1.4000000000000004	3.95	2.6	3.25	2.35	2.05	2.4	1.2	2.6	2.9	3.8	3.15	2.7	2.45	2.35	2.35	2.05	3.5
00:55	1.25	2.55	3.55	1.3	3.1	1.2	2.0	2.1	3.5	3.65	2.05	2.65	2.3	3.2	2.0	3.1	1.15	2.6	1.75	3.0	1.75	2.2	3.4499999999999993	3.4499999999999993	3.05	1.15	2.65	2.7	2.45	1.85	3.1	2.4	1.4000000000000004	3.95	2.6	3.25	2.35	2.05	2.4	1.2	2.6	2.9	3.8	3.15	2.7	2.45	2.35	2.35	2.05	3.5
01:00	1.25	2.55	3.55	1.3	3.1	1.2	2.0	2.1	3.5	3.65	2.05	2.65	2.3	3.2	2.0	3.1	1.15	2.6	1.75	3.0	1.75	2.2	3.4499999999999993	3.4499999999999993	3.05	1.15	2.65	2.7	2.45	1.85	3.1	2.4	1.4000000000000004	3.95	2.6	3.25	2.35	2.05	2.4	1.2	2.6	2.9	3.8	3.15	2.7	2.45	2.35	2.35	2.05	3.5
01:05	0.29175798232843164	1.7481389674607963	2.5681993949353696	0.17206175838292265	2.3392841647839586	0.3799825483175181	0.9937194744182772	1.1671306860772575	2.3863801958432043	2.5669536630205996	1.064191120398795	1.6840946066198337	1.3756416577199189	2.2758583097351686	1.2603268048711582	2.3456151047074747	0.5581834739592115	1.9651750573053217	0.8000880814215582	2.0985583162257475	1.75	2.2	3.4499999999999993	3.4499999999999993	3.05	1.15	2.65	2.7	2.45	1.85	3.1	2.4	1.4000000000000004	3.95	2.6	3.25	2.35	2.05	2.4	1.2	2.6	2.9	3.8	3.15	2.7	2.45	2.35	2.35	2.05	3.5
01:10	0.0645026291648268	0.6675563682771818	1.9368076395982634	0.0	2.3392841647839586	0.3799825483175181	0.6486670426517893	0.14036835834752784	1.5665160564030265	2.316825134203564	0.3845417111213909	0.6711654747519012	0.4836895534482595	2.2758583097351686	0.36661290997856855	1.5083453506342583	0.0	1.538057306278685	0.7900600944233188	1.7900866526363395	1.75	2.2	3.4499999999999993	3.4499999999999993	3.05	1.15	2.65	2.7	2.45	1.85	3.1	2.4	1.4000000000000004	3.95	2.6	3.25	2.35	2.05	2.4	1.2	2.6	2.9	3.8	3.15	2.7	2.45	2.35	2.35	2.05	3.5
01:15	0.0645026291648268	0.17952570806007936	1.9368076395982634	0.0	2.3392841647839586	0.3799825483175181	0.6486670426517893	0.0	1.5176208818524914	2.316825134203564	0.3845417111213909	0.13565852625894517	0.0	2.2758583097351686	0.09674355280151901	1.5083453506342583	0.0	1.538057306278685	0.7900600944233188	1.7900866526363395	1.75	2.2	3.4499999999999993	3.4499999999999993	3.05	1.15	2.65	2.7	2.45	1.85	3.1	2.4	1.4000000000000004	3.95	2.6	3.25	2.35	2.05	2.4	1.2	2.6	2.9	3.8	3.15	2.7	2.45	2.35	2.35	2.05	3.5
