time	1	2	3	4	5	6	7	8	9	10
00:00	2.5870694406079777	4.384356357689787	5.0	5.0	5.0	3.848126822083526	5.0	5.0	5.0	5.0
00:05	2.5870694406079777	4.384356357689787	5.0	5.0	5.0	3.848126822083526	5.0	5.0	5.0	5.0
00:10	2.5870694406079777	4.384356357689787	5.0	5.0	5.0	3.848126822083526	5.0	5.0	5.0	5.0
00:15	2.5870694406079777	4.384356357689787	5.0	5.0	5.0	3.848126822083526	5.0	5.0	5.0	5.0
00:20	2.5870694406079777	4.384356357689787	5.0	5.0	5.0	3.848126822083526	5.0	5.0	5.0	5.0
00:25	2.5870694406079777	4.384356357689787	5.0	5.0	5.0	3.848126822083526	5.0	5.0	5.0	5.0
00:30	2.5870694406079777	4.384356357689787	5.0	5.0	5.0	3.848126822083526	5.0	5.0	5.0	5.0
00:35	2.5870694406079777	4.384356357689787	5.0	5.0	5.0	3.848126822083526	5.0	5.0	5.0	5.0
00:40	2.5870694406079777	4.384356357689787	5.0	5.0	5.0	3.848126822083526	5.0	5.0	5.0	5.0
00:45	2.5870694406079777	4.384356357689787	5.0	5.0	5.0	3.848126822083526	5.0	5.0	5.0	5.0
00:50	2.5870694406079777	4.384356357689787	5.0	5.0	5.0	3.848126822083526	5.0	5.0	5.0	5.0
00:55	2.5870694406079777	4.384356357689787	5.0	5.0	5.0	3.848126822083526	5.0	5.0	5.0	5.0
01:00	2.5870694406079777	4.384356357689787	5.0	5.0	5.0	3.848126822083526	5.0	5.0	5.0	5.0
01:05	2.5870694406079777	4.384356357689787	5.0	5.0	5.0	3.848126822083526	5.0	5.0	5.0	5.0
01:10	2.5870694406079777	4.384356357689787	5.0	5.0	5.0	3.848126822083526	5.0	5.0	5.0	5.0
01:15	2.5870694406079777	4.384356357689787	5.0	5.0	5.0	3.848126822083526	5.0	5.0	5.0	5.0
01:20	2.5870694406079777	4.384356357689787	5.0	5.0	5.0	3.848126822083526	5.0	5.0	5.0	5.0
01:25	2.5870694406079777	4.384356357689787	5.0	5.0	5.0	3.848126822083526	5.0	5.0	5.0	5.0
01:30	2.5870694406079777	4.384356357689787	5.0	5.0	5.0	3.848126822083526	5.0	5.0	5.0	5.0
01:35	2.5870694406079777	4.384356357689787	5.0	5.0	5.0	3.848126822083526	5.0	5.0	5.0	5.0
01:40	2.5870694406079777	4.384356357689787	5.0	5.0	5.0	3.848126822083526	5.0	5.0	5.0	5.0
01:45	2.5870694406079777	4.384356357689787	5.0	5.0	5.0	3.848126822083526	5.0	5.0	5.0	5.0
01:50	2.5870694406079777	4.384356357689787	5.0	5.0	5.0	3.848126822083526	5.0	5.0	5.0	5.0
01:55	2.5870694406079777	4.384356357689787	5.0	5.0	5.0	3.848126822083526	5.0	5.0	5.0	5.0
02:00	2.5870694406079777	4.384356357689787	5.0	5.0	5.0	3.848126822083526	5.0	5.0	5.0	5.0
02:05	2.5870694406079777	4.384356357689787	5.0	5.0	5.0	3.848126822083526	5.0	5.0	5.0	5.0
02:10	2.5870694406079777	4.384356357689787	5.0	5.0	5.0	3.848126822083526	5.0	5.0	5.0	5.0
02:15	2.5870694406079777	4.384356357689787	5.0	5.0	5.0	3.848126822083526	5.0	5.0	5.0	5.0
02:20	2.5870694406079777	4.384356357689787	5.0	5.0	5.0	3.848126822083526	5.0	5.0	5.0	5.0
02:25	2.5870694406079777	4.384356357689787	5.0	5.0	5.0	3.848126822083526	5.0	5.0	5.0	5.0
02:30	2.5870694406079777	4.384356357689787	5.0	5.0	5.0	3.848126822083526	5.0	5.0	5.0	5.0
02:35	2.5870694406079777	4.384356357689787	5.0	5.0	5.0	3.848126822083526	5.0	5.0	5.0	5.0
02:40	2.5870694406079777	4.384356357689787	5.0	5.0	5.0	3.848126822083526	5.0	5.0	5.0	5.0
02:45	2.5870694406079777	4.384356357689787	5.0	5.0	5.0	3.848126822083526	5.0	5.0	5.0	5.0
02:50	2.5870694406079777	4.384356357689787	5.0	5.0	5.0	3.848126822083526	5.0	5.0	5.0	5.0
02:55	2.5870694406079777	4.384356357689787	5.0	5.0	5.0	3.848126822083526	5.0	5.0	5.0	5.0
03:00	2.5870694406079777	4.384356357689787	5.0	5.0	5.0	3.848126822083526	5.0	5.0	5.0	5.0
03:05	2.5870694406079777	4.384356357689787	5.0	5.0	5.0	3.848126822083526	5.0	5.0	5.0	5.0
03:10	2.5870694406079777	4.384356357689787	5.0	5.0	5.0	3.848126822083526	5.0	5.0	5.0	5.0
03:15	2.5870694406079777	4.384356357689787	5.0	5.0	5.0	3.848126822083526	5.0	5.0	5.0	5.0
03:20	2.5870694406079777	4.384356357689787	5.0	5.0	5.0	3.848126822083526	5.0	5.0	5.0	5.0
03:25	2.5870694406079777	4.384356357689787	5.0	5.0	5.0	3.848126822083526	5.0	5.0	5.0	5.0
03:30	2.5870694406079777	4.384356357689787	5.0	5.0	5.0	3.848126822083526	5.0	5.0	5.0	5.0
03:35	2.5870694406079777	4.384356357689787	5.0	5.0	5.0	3.848126822083526	5.0	5.0	5.0	5.0
03:40	2.5870694406079777	4.384356357689787	5.0	5.0	5.0	3.848126822083526	5.0	5.0	5.0	5.0
03:45	2.5870694406079777	4.384356357689787	5.0	5.0	5.0	3.848126822083526	5.0	5.0	5.0	5.0
03:50	2.5870694406079777	4.384356357689787	5.0	5.0	5.0	3.848126822083526	5.0	5.0	5.0	5.0
03:55	2.5870694406079777	4.384356357689787	5.0	5.0	5.0	3.848126822083526	5.0	5.0	5.0	5.0
04:00	2.5870694406079777	4.384356357689787	5.0	5.0	5.0	3.848126822083526	5.0	5.0	5.0	5.0
04:05	2.5870694406079777	4.384356357689787	5.0	5.0	5.0	3.848126822083526	5.0	5.0	5.0	5.0
04:10	2.5870694406079777	4.384356357689787	5.0	5.0	5.0	3.848126822083526	5.0	5.0	5.0	5.0
04:15	2.5870694406079777	4.384356357689787	5.0	5.0	5.0	3.848126822083526	5.0	5.0	5.0	5.0
04:20	2.5870694406079777	4.384356357689787	5.0	5.0	5.0	3.848126822083526	5.0	5.0	5.0	5.0
04:25	2.5870694406079777	4.384356357689787	5.0	5.0	5.0	3.848126822083526	5.0	5.0	5.0	5.0
04:30	2.5870694406079777	4.384356357689787	5.0	5.0	5.0	3.848126822083526	5.0	5.0	5.0	5.0
04:35	2.5870694406079777	4.384356357689787	5.0	5.0	5.0	3.848126822083526	5.0	5.0	5.0	5.0
04:40	2.5870694406079777	4.384356357689787	5.0	5.0	5.0	3.848126822083526	5.0	5.0	5.0	5.0
04:45	2.5870694406079777	4.384356357689787	5.0	5.0	5.0	3.848126822083526	5.0	5.0	5.0	5.0
04:50	2.5870694406079777	4.384356357689787	5.0	5.0	5.0	3.848126822083526	5.0	5.0	5.0	5.0
04:55	2.5870694406079777	4.384356357689787	5.0	5.0	5.0	3.848126822083526	5.0	5.0	5.0	5.0
05:00	2.5870694406079777	4.384356357689787	5.0	5.0	5.0	3.848126822083526	5.0	5.0	5.0	5.0
05:05	2.5870694406079777	4.384356357689787	5.0	5.0	5.0	3.848126822083526	5.0	5.0	5.0	5.0
05:10	2.5870694406079777	4.384356357689787	5.0	5.0	5.0	3.848126822083526	5.0	5.0	5.0	5.0
05:15	2.5870694406079777	4.384356357689787	5.0	5.0	5.0	3.848126822083526	5.0	5.0	5.0	5.0
05:20	2.5870694406079777	4.384356357689787	5.0	5.0	5.0	3.848126822083526	5.0	5.0	5.0	5.0
05:25	2.5870694406079777	4.384356357689787	5.0	5.0	5.0	3.848126822083526	5.0	5.0	5.0	5.0
05:30	2.5870694406079777	4.384356357689787	5.0	5.0	5.0	3.848126822083526	5.0	5.0	5.0	5.0
05:35	2.5870694406079777	4.384356357689787	5.0	5.0	5.0	3.848126822083526	5.0	5.0	5.0	5.0
05:40	2.5870694406079777	4.384356357689787	5.0	5.0	5.0	3.848126822083526	5.0	5.0	5.0	5.0
05:45	2.5870694406079777	4.384356357689787	5.0	5.0	5.0	3.848126822083526	5.0	5.0	5.0	5.0
05:50	2.5870694406079777	4.384356357689787	5.0	5.0	5.0	3.848126822083526	5.0	5.0	5.0	5.0
05:55	2.5870694406079777	4.384356357689787	5.0	5.0	5.0	3.848126822083526	5.0	5.0	5.0	5.0
06:00	2.5870694406079777	4.384356357689787	5.0	5.0	5.0	3.848126822083526	5.0	5.0	5.0	5.0
06:05	2.5870694406079777	4.384356357689787	5.0	5.0	5.0	3.848126822083526	5.0	5.0	5.0	5.0
06:10	2.5870694406079777	4.384356357689787	5.0	5.0	5.0	3.848126822083526	5.0	5.0	5.0	5.0
06:15	2.5870694406079777	4.384356357689787	5.0	5.0	5.0	3.848126822083526	5.0	5.0	5.0	5.0
06:20	2.5870694406079777	4.384356357689787	5.0	5.0	5.0	3.848126822083526	5.0	5.0	5.0	5.0
06:25	2.5870694406079777	4.384356357689787	5.0	5.0	5.0	3.848126822083526	5.0	5.0	5.0	5.0
06:30	2.5870694406079777	4.384356357689787	5.0	5.0	5.0	3.848126822083526	5.0	5.0	5.0	5.0
06:35	2.5870694406079777	4.384356357689787	5.0	5.0	5.0	3.848126822083526	5.0	5.0	5.0	5.0
06:40	2.5870694406079777	4.384356357689787	5.0	5.0	5.0	3.848126822083526	5.0	5.0	5.0	5.0
06:45	2.5870694406079777	4.384356357689787	5.0	5.0	5.0	3.848126822083526	5.0	5.0	5.0	5.0
06:50	2.5870694406079777	4.384356357689787	5.0	5.0	5.0	3.848126822083526	5.0	5.0	5.0	5.0
06:55	2.5870694406079777	4.384356357689787	5.0	5.0	5.0	3.848126822083526	5.0	5.0	5.0	5.0
07:00	2.5870694406079777	4.384356357689787	5.0	5.0	5.0	3.848126822083526	5.0	5.0	5.0	5.0
07:05	2.5870694406079777	4.384356357689787	5.0	5.0	5.0	3.848126822083526	5.0	5.0	5.0	5.0
07:10	2.5870694406079777	4.384356357689787	5.0	5.0	5.0	3.848126822083526	5.0	5.0	5.0	5.0
07:15	2.5870694406079777	4.384356357689787	5.0	5.0	5.0	3.848126822083526	5.0	5.0	5.0	5.0
07:20	2.5870694406079777	4.384356357689787	5.0	5.0	5.0	3.848126822083526	5.0	5.0	5.0	5.0
07:25	2.5870694406079777	4.384356357689787	5.0	5.0	5.0	3.848126822083526	5.0	5.0	5.0	5.0
07:30	2.5870694406079777	4.384356357689787	5.0	5.0	5.0	3.848126822083526	5.0	5.0	5.0	5.0
07:35	2.5870694406079777	4.384356357689787	5.0	5.0	5.0	3.848126822083526	5.0	5.0	5.0	5.0
07:40	2.5870694406079777	4.384356357689787	5.0	5.0	5.0	3.848126822083526	5.0	5.0	5.0	5.0
07:45	2.5870694406079777	4.384356357689787	5.0	5.0	5.0	3.848126822083526	5.0	5.0	5.0	5.0
07:50	2.5870694406079777	4.384356357689787	5.0	5.0	5.0	3.848126822083526	5.0	5.0	5.0	5.0
07:55	2.5870694406079777	4.384356357689787	5.0	5.0	5.0	3.848126822083526	5.0	5.0	5.0	5.0
08:00	2.5870694406079777	4.384356357689787	5.0	5.0	5.0	3.848126822083526	5.0	5.0	5.0	5.0
08:05	2.5870694406079777	4.384356357689787	5.0	5.0	5.0	3.848126822083526	5.0	5.0	5.0	5.0
08:10	2.5870694406079777	4.384356357689787	5.0	5.0	5.0	3.848126822083526	5.0	5.0	5.0	5.0
08:15	2.5870694406079777	4.384356357689787	5.0	5.0	5.0	3.848126822083526	5.0	5.0	5.0	5.0
08:20	2.5870694406079777	4.384356357689787	5.0	5.0	5.0	3.848126822083526	5.0	5.0	5.0	5.0
08:25	2.5870694406079777	4.384356357689787	5.0	5.0	5.0	3.848126822083526	5.0	5.0	5.0	5.0
08:30	2.5870694406079777	4.384356357689787	5.0	5.0	5.0	3.848126822083526	5.0	5.0	5.0	5.0
08:35	2.5870694406079777	4.384356357689787	5.0	5.0	5.0	3.848126822083526	5.0	5.0	5.0	5.0
08:40	2.5870694406079777	4.384356357689787	5.0	5.0	5.0	3.848126822083526	5.0	5.0	5.0	5.0
08:45	2.5870694406079777	4.384356357689787	5.0	5.0	5.0	3.848126822083526	5.0	5.0	5.0	5.0
08:50	2.5870694406079777	4.384356357689787	5.0	5.0	5.0	3.848126822083526	5.0	5.0	5.0	5.0
08:55	2.5870694406079777	4.384356357689787	5.0	5.0	5.0	3.848126822083526	5.0	5.0	5.0	5.0
09:00	2.5870694406079777	4.384356357689787	5.0	5.0	5.0	3.848126822083526	5.0	5.0	5.0	5.0
09:05	1.8189073834479517	3.629779653850362	4.013873952966711	4.009911169748115	4.339082350263041	2.8907565906668817	4.322297238807789	4.035016559988847	5.0	5.0
09:10	2.0491868274427083	3.387095758926461	3.0497193868095227	3.5774703910867607	3.534190321617615	2.5721863810154484	3.9890071195735266	4.035016559988847	5.0	5.0
09:15	2.465853494109375	3.387095758926461	3.0497193868095227	3.5774703910867607	3.534190321617615	2.5721863810154484	4.405673786240193	4.035016559988847	5.0	5.0
09:20	2.8825201607760413	3.387095758926461	3.0497193868095227	3.5774703910867607	3.534190321617615	2.5721863810154484	4.82234045290686	4.035016559988847	5.0	5.0
09:25	3.2991868274427083	3.387095758926461	3.0497193868095227	3.5774703910867607	3.534190321617615	2.5721863810154484	5.0	4.035016559988847	5.0	5.0
09:30	3.715853494109375	3.387095758926461	3.0497193868095227	3.5774703910867607	3.534190321617615	2.5721863810154484	5.0	4.035016559988847	5.0	5.0
09:35	4.132520160776042	3.387095758926461	3.0497193868095227	3.5774703910867607	3.534190321617615	2.5721863810154484	5.0	4.035016559988847	5.0	5.0
09:40	4.549186827442708	3.387095758926461	3.0497193868095227	3.5774703910867607	3.534190321617615	2.5721863810154484	5.0	4.035016559988847	5.0	5.0
09:45	4.965853494109375	3.387095758926461	3.0497193868095227	3.5774703910867607	3.534190321617615	2.5721863810154484	5.0	4.035016559988847	5.0	5.0
09:50	5.0	3.387095758926461	3.0497193868095227	3.5774703910867607	3.534190321617615	2.5721863810154484	5.0	4.035016559988847	5.0	5.0
09:55	5.0	3.387095758926461	3.0497193868095227	3.5774703910867607	3.534190321617615	2.5721863810154484	5.0	4.035016559988847	5.0	5.0
10:00	5.0	3.387095758926461	3.0497193868095227	3.5774703910867607	3.534190321617615	2.5721863810154484	5.0	4.035016559988847	5.0	5.0
10:05	5.0	3.387095758926461	3.0497193868095227	3.5774703910867607	3.534190321617615	2.5721863810154484	5.0	4.035016559988847	5.0	5.0
10:10	5.0	3.387095758926461	3.0497193868095227	3.5774703910867607	3.534190321617615	2.5721863810154484	5.0	4.035016559988847	5.0	5.0
10:15	5.0	3.387095758926461	3.0497193868095227	3.5774703910867607	3.534190321617615	2.5721863810154484	5.0	4.035016559988847	5.0	5.0
10:20	5.0	3.387095758926461	3.0497193868095227	3.5774703910867607	3.534190321617615	2.5721863810154484	5.0	4.035016559988847	5.0	5.0
10:25	5.0	3.387095758926461	3.0497193868095227	3.5774703910867607	3.534190321617615	2.5721863810154484	5.0	4.035016559988847	5.0	5.0
10:30	5.0	3.387095758926461	3.0497193868095227	3.5774703910867607	3.534190321617615	2.5721863810154484	5.0	4.035016559988847	5.0	5.0
10:35	5.0	3.387095758926461	3.0497193868095227	3.5774703910867607	3.534190321617615	2.5721863810154484	5.0	4.035016559988847	5.0	5.0
10:40	4.546626879075368	3.387095758926461	3.0497193868095227	3.5774703910867607	3.534190321617615	2.5721863810154484	5.0	4.035016559988847	5.0	5.0
10:45	4.546626879075368	3.387095758926461	3.0497193868095227	3.5774703910867607	3.534190321617615	2.5721863810154484	5.0	4.035016559988847	5.0	5.0
10:50	4.546626879075368	3.387095758926461	3.0497193868095227	3.5774703910867607	3.534190321617615	2.5721863810154484	5.0	4.035016559988847	5.0	5.0
10:55	4.546626879075368	3.387095758926461	3.0497193868095227	3.5774703910867607	3.534190321617615	2.5721863810154484	5.0	4.035016559988847	5.0	5.0
11:00	4.546626879075368	3.387095758926461	3.0497193868095227	3.5774703910867607	3.534190321617615	2.5721863810154484	5.0	4.035016559988847	5.0	5.0
11:05	4.546626879075368	3.387095758926461	3.0497193868095227	3.5774703910867607	3.534190321617615	2.5721863810154484	5.0	4.035016559988847	5.0	5.0
11:10	4.546626879075368	3.387095758926461	3.0497193868095227	3.5774703910867607	3.534190321617615	2.5721863810154484	5.0	4.035016559988847	5.0	5.0
11:15	4.546626879075368	3.387095758926461	3.0497193868095227	3.5774703910867607	3.534190321617615	2.5721863810154484	5.0	4.035016559988847	5.0	5.0
11:20	4.546626879075368	3.387095758926461	3.0497193868095227	3.5774703910867607	3.534190321617615	2.5721863810154484	5.0	4.035016559988847	5.0	5.0
11:25	4.546626879075368	3.387095758926461	3.0497193868095227	3.5774703910867607	3.534190321617615	2.5721863810154484	5.0	4.035016559988847	5.0	5.0
11:30	4.546626879075368	3.387095758926461	3.0497193868095227	3.5774703910867607	3.534190321617615	2.5721863810154484	5.0	4.035016559988847	5.0	5.0
11:35	4.546626879075368	3.387095758926461	3.0497193868095227	3.5774703910867607	3.534190321617615	2.5721863810154484	5.0	4.035016559988847	5.0	5.0
11:40	4.546626879075368	3.387095758926461	3.0497193868095227	3.5774703910867607	3.534190321617615	2.5721863810154484	5.0	4.035016559988847	5.0	5.0
11:45	4.546626879075368	3.387095758926461	3.0497193868095227	3.5774703910867607	3.534190321617615	2.5721863810154484	5.0	4.035016559988847	5.0	5.0
11:50	4.546626879075368	3.387095758926461	3.0497193868095227	3.5774703910867607	3.534190321617615	2.5721863810154484	5.0	4.035016559988847	5.0	5.0
11:55	4.546626879075368	3.387095758926461	3.0497193868095227	3.5774703910867607	3.534190321617615	2.5721863810154484	5.0	4.035016559988847	5.0	5.0
12:00	4.546626879075368	3.387095758926461	3.0497193868095227	3.5774703910867607	3.534190321617615	2.5721863810154484	5.0	4.035016559988847	5.0	5.0
12:05	4.546626879075368	3.387095758926461	3.0497193868095227	3.5774703910867607	3.534190321617615	2.5721863810154484	5.0	4.035016559988847	5.0	5.0
12:10	4.546626879075368	3.387095758926461	3.0497193868095227	3.5774703910867607	3.534190321617615	2.5721863810154484	5.0	4.035016559988847	5.0	5.0
12:15	4.546626879075368	3.387095758926461	3.0497193868095227	3.5774703910867607	3.534190321617615	2.5721863810154484	5.0	4.035016559988847	5.0	5.0
12:20	4.546626879075368	3.387095758926461	3.0497193868095227	3.5774703910867607	3.534190321617615	2.5721863810154484	5.0	4.035016559988847	5.0	5.0
12:25	4.546626879075368	3.387095758926461	3.0497193868095227	3.5774703910867607	3.534190321617615	2.5721863810154484	5.0	4.035016559988847	5.0	5.0
12:30	4.546626879075368	3.387095758926461	3.0497193868095227	3.5774703910867607	3.534190321617615	2.5721863810154484	5.0	4.035016559988847	5.0	5.0
12:35	4.546626879075368	3.387095758926461	3.0497193868095227	3.5774703910867607	3.534190321617615	2.5721863810154484	5.0	4.035016559988847	5.0	5.0
12:40	4.546626879075368	3.387095758926461	3.0497193868095227	3.5774703910867607	3.534190321617615	2.5721863810154484	5.0	4.035016559988847	5.0	5.0
12:45	4.546626879075368	3.387095758926461	3.0497193868095227	3.5774703910867607	3.534190321617615	2.5721863810154484	5.0	4.035016559988847	5.0	5.0
12:50	4.546626879075368	3.387095758926461	3.0497193868095227	3.5774703910867607	3.534190321617615	2.5721863810154484	5.0	4.035016559988847	5.0	5.0
12:55	4.546626879075368	3.387095758926461	3.0497193868095227	3.5774703910867607	3.534190321617615	2.5721863810154484	5.0	4.035016559988847	5.0	5.0
13:00	4.546626879075368	3.387095758926461	3.0497193868095227	3.5774703910867607	3.534190321617615	2.5721863810154484	5.0	4.035016559988847	5.0	5.0
13:05	4.546626879075368	3.387095758926461	3.0497193868095227	3.5774703910867607	3.534190321617615	2.5721863810154484	5.0	4.035016559988847	5.0	5.0
13:10	4.546626879075368	3.387095758926461	3.0497193868095227	3.5774703910867607	3.534190321617615	2.5721863810154484	5.0	4.035016559988847	5.0	5.0
13:15	4.546626879075368	3.387095758926461	3.0497193868095227	3.5774703910867607	3.534190321617615	2.5721863810154484	5.0	4.035016559988847	5.0	5.0
13:20	4.546626879075368	3.387095758926461	3.0497193868095227	3.5774703910867607	3.534190321617615	2.5721863810154484	5.0	4.035016559988847	5.0	5.0
13:25	4.546626879075368	3.387095758926461	3.0497193868095227	3.5774703910867607	3.534190321617615	2.5721863810154484	5.0	4.035016559988847	5.0	5.0
13:30	4.546626879075368	3.387095758926461	3.0497193868095227	3.5774703910867607	3.534190321617615	2.5721863810154484	5.0	4.035016559988847	5.0	5.0
13:35	4.546626879075368	3.387095758926461	3.0497193868095227	3.5774703910867607	3.534190321617615	2.5721863810154484	5.0	4.035016559988847	4.251393307870805	5.0
13:40	4.546626879075368	3.387095758926461	3.0497193868095227	3.5774703910867607	3.534190321617615	2.5721863810154484	5.0	4.035016559988847	3.3752370229372652	5.0
13:45	4.546626879075368	3.387095758926461	3.0497193868095227	3.5774703910867607	3.534190321617615	2.5721863810154484	5.0	4.035016559988847	3.236517278437383	5.0
13:50	4.546626879075368	3.387095758926461	3.0497193868095227	3.5774703910867607	3.534190321617615	2.5721863810154484	5.0	4.035016559988847	3.65318394510405	5.0
13:55	4.546626879075368	3.387095758926461	3.0497193868095227	3.5774703910867607	3.534190321617615	2.5721863810154484	5.0	4.035016559988847	4.0698506117707165	5.0
14:00	4.546626879075368	3.387095758926461	3.0497193868095227	3.5774703910867607	3.534190321617615	2.5721863810154484	5.0	4.035016559988847	4.4865172784373835	5.0
14:05	4.546626879075368	3.387095758926461	3.0497193868095227	3.5774703910867607	3.534190321617615	2.5721863810154484	5.0	4.035016559988847	4.9031839451040495	5.0
14:10	4.546626879075368	3.387095758926461	3.0497193868095227	3.5774703910867607	3.534190321617615	2.5721863810154484	5.0	4.035016559988847	5.0	5.0
14:15	4.546626879075368	3.387095758926461	3.0497193868095227	3.5774703910867607	3.534190321617615	2.5721863810154484	5.0	4.035016559988847	5.0	5.0
14:20	4.546626879075368	3.387095758926461	3.0497193868095227	3.5774703910867607	3.534190321617615	2.5721863810154484	5.0	4.035016559988847	5.0	5.0
14:25	4.546626879075368	3.387095758926461	3.0497193868095227	3.5774703910867607	3.534190321617615	2.5721863810154484	5.0	4.035016559988847	5.0	5.0
14:30	4.546626879075368	3.387095758926461	3.0497193868095227	3.5774703910867607	3.534190321617615	2.5721863810154484	5.0	4.035016559988847	5.0	5.0
14:35	4.546626879075368	3.387095758926461	3.0497193868095227	3.5774703910867607	3.534190321617615	2.5721863810154484	5.0	4.035016559988847	5.0	5.0
14:40	4.546626879075368	3.387095758926461	3.0497193868095227	3.5774703910867607	3.534190321617615	2.5721863810154484	5.0	4.035016559988847	5.0	5.0
14:45	4.546626879075368	3.387095758926461	3.0497193868095227	3.5774703910867607	3.534190321617615	2.5721863810154484	5.0	4.035016559988847	5.0	5.0
14:50	4.546626879075368	3.387095758926461	3.0497193868095227	3.5774703910867607	3.534190321617615	2.5721863810154484	5.0	4.035016559988847	5.0	5.0
14:55	4.546626879075368	3.387095758926461	3.0497193868095227	3.5774703910867607	3.534190321617615	2.5721863810154484	5.0	4.035016559988847	5.0	5.0
15:00	4.546626879075368	3.387095758926461	3.0497193868095227	3.5774703910867607	3.534190321617615	2.5721863810154484	5.0	4.035016559988847	5.0	5.0
15:05	4.546626879075368	3.387095758926461	3.0497193868095227	3.5774703910867607	3.534190321617615	2.5721863810154484	5.0	4.035016559988847	5.0	5.0
15:10	4.546626879075368	3.387095758926461	3.0497193868095227	3.5774703910867607	3.534190321617615	2.5721863810154484	5.0	4.035016559988847	5.0	5.0
15:15	4.546626879075368	3.387095758926461	3.0497193868095227	3.5774703910867607	3.534190321617615	2.5721863810154484	5.0	4.035016559988847	4.511545505294393	5.0
15:20	4.546626879075368	3.387095758926461	3.0497193868095227	3.5774703910867607	3.534190321617615	2.5721863810154484	5.0	4.035016559988847	3.6320923033721466	5.0
15:25	4.546626879075368	3.387095758926461	3.0497193868095227	3.5774703910867607	3.534190321617615	2.5721863810154484	5.0	4.035016559988847	3.0851216070188787	5.0
15:30	4.546626879075368	3.387095758926461	3.0497193868095227	3.5774703910867607	3.534190321617615	2.5721863810154484	5.0	4.035016559988847	3.5017882736855457	5.0
15:35	4.546626879075368	3.387095758926461	3.0497193868095227	3.5774703910867607	3.534190321617615	2.5721863810154484	5.0	4.035016559988847	3.918454940352212	5.0
15:40	4.546626879075368	3.387095758926461	3.0497193868095227	3.5774703910867607	3.534190321617615	2.5721863810154484	5.0	4.035016559988847	4.335121607018879	5.0
15:45	4.546626879075368	3.387095758926461	3.0497193868095227	3.5774703910867607	3.534190321617615	2.5721863810154484	5.0	4.035016559988847	4.751788273685546	5.0
15:50	4.546626879075368	3.387095758926461	3.0497193868095227	3.5774703910867607	3.534190321617615	2.5721863810154484	5.0	4.035016559988847	5.0	5.0
15:55	4.546626879075368	3.387095758926461	3.0497193868095227	3.5774703910867607	3.534190321617615	2.5721863810154484	5.0	4.035016559988847	5.0	5.0
16:00	4.546626879075368	3.387095758926461	3.0497193868095227	3.5774703910867607	3.534190321617615	2.5721863810154484	5.0	4.035016559988847	5.0	5.0
16:05	4.546626879075368	3.387095758926461	3.0497193868095227	3.5774703910867607	3.534190321617615	2.5721863810154484	5.0	4.035016559988847	5.0	5.0
16:10	4.546626879075368	3.387095758926461	3.0497193868095227	3.5774703910867607	3.534190321617615	2.5721863810154484	5.0	4.035016559988847	5.0	5.0
16:15	4.546626879075368	3.387095758926461	3.0497193868095227	3.5774703910867607	3.534190321617615	2.5721863810154484	5.0	4.035016559988847	5.0	5.0
16:20	4.546626879075368	3.387095758926461	3.0497193868095227	3.5774703910867607	3.534190321617615	2.5721863810154484	5.0	4.035016559988847	5.0	5.0
16:25	4.546626879075368	3.387095758926461	3.0497193868095227	3.5774703910867607	3.534190321617615	2.5721863810154484	5.0	4.035016559988847	5.0	5.0
16:30	4.546626879075368	3.387095758926461	3.0497193868095227	3.5774703910867607	3.534190321617615	2.5721863810154484	5.0	4.035016559988847	5.0	5.0
16:35	4.546626879075368	3.387095758926461	3.0497193868095227	3.5774703910867607	3.534190321617615	2.5721863810154484	5.0	4.035016559988847	5.0	5.0
16:40	4.546626879075368	3.387095758926461	3.0497193868095227	3.5774703910867607	3.534190321617615	2.5721863810154484	5.0	4.035016559988847	5.0	5.0
16:45	4.546626879075368	3.387095758926461	3.0497193868095227	3.5774703910867607	3.534190321617615	2.5721863810154484	5.0	4.035016559988847	5.0	5.0
16:50	4.546626879075368	3.387095758926461	3.0497193868095227	3.5774703910867607	3.534190321617615	2.5721863810154484	5.0	4.035016559988847	5.0	5.0
16:55	4.546626879075368	3.387095758926461	3.0497193868095227	3.5774703910867607	3.534190321617615	2.5721863810154484	5.0	4.035016559988847	4.798149351128746	5.0
17:00	4.546626879075368	3.387095758926461	3.0497193868095227	3.5774703910867607	3.534190321617615	2.5721863810154484	5.0	4.035016559988847	3.9729490121374886	5.0
17:05	4.546626879075368	3.387095758926461	3.0497193868095227	3.5774703910867607	3.534190321617615	2.5721863810154484	5.0	4.035016559988847	3.0236631215500855	5.0
17:10	4.546626879075368	3.387095758926461	3.0497193868095227	3.5774703910867607	3.534190321617615	2.5721863810154484	5.0	4.035016559988847	3.3504525056474455	5.0
17:15	4.546626879075368	3.387095758926461	3.0497193868095227	3.5774703910867607	3.534190321617615	2.5721863810154484	5.0	4.035016559988847	3.767119172314112	5.0
17:20	4.546626879075368	3.387095758926461	3.0497193868095227	3.5774703910867607	3.534190321617615	2.5721863810154484	5.0	4.035016559988847	4.1837858389807785	5.0
17:25	4.546626879075368	3.387095758926461	3.0497193868095227	3.5774703910867607	3.534190321617615	2.5721863810154484	5.0	4.035016559988847	4.6004525056474455	5.0
17:30	4.546626879075368	3.387095758926461	3.0497193868095227	3.5774703910867607	3.534190321617615	2.5721863810154484	5.0	4.035016559988847	5.0	5.0
17:35	4.546626879075368	3.387095758926461	3.0497193868095227	3.5774703910867607	3.534190321617615	2.5721863810154484	5.0	4.035016559988847	5.0	5.0
17:40	4.546626879075368	3.387095758926461	3.0497193868095227	3.5774703910867607	3.534190321617615	2.5721863810154484	5.0	4.035016559988847	5.0	5.0
17:45	4.546626879075368	3.387095758926461	3.0497193868095227	3.5774703910867607	3.534190321617615	2.5721863810154484	5.0	4.035016559988847	5.0	5.0
17:50	4.546626879075368	3.387095758926461	3.0497193868095227	3.5774703910867607	3.534190321617615	2.5721863810154484	5.0	4.035016559988847	5.0	5.0
17:55	4.546626879075368	3.387095758926461	3.0497193868095227	3.5774703910867607	3.534190321617615	2.5721863810154484	5.0	4.035016559988847	5.0	5.0
18:00	4.546626879075368	3.387095758926461	3.0497193868095227	3.5774703910867607	3.534190321617615	2.5721863810154484	5.0	4.035016559988847	5.0	5.0
18:05	3.7467478331869994	2.430815507845995	1.9790840569196921	2.732898065348102	2.5607583641154514	1.5990467732299427	5.0	3.1172518492190378	5.0	5.0
18:10	4.163414499853666	2.312939484030871	1.660683952573483	2.214041511880304	2.413157356791083	1.542588024915064	5.0	2.5502106250426824	5.0	5.0
18:15	4.5800811665203325	2.312939484030871	1.660683952573483	2.214041511880304	2.413157356791083	1.542588024915064	5.0	2.5502106250426824	5.0	5.0
18:20	4.996747833186999	2.312939484030871	1.660683952573483	2.214041511880304	2.413157356791083	1.542588024915064	5.0	2.5502106250426824	5.0	5.0
18:25	5.0	2.312939484030871	1.660683952573483	2.214041511880304	2.413157356791083	1.542588024915064	5.0	2.5502106250426824	5.0	5.0
18:30	5.0	2.312939484030871	1.660683952573483	2.214041511880304	2.413157356791083	1.542588024915064	5.0	2.5502106250426824	5.0	5.0
18:35	5.0	2.312939484030871	1.660683952573483	2.214041511880304	2.413157356791083	1.542588024915064	5.0	2.5502106250426824	5.0	5.0
18:40	5.0	2.312939484030871	1.660683952573483	2.214041511880304	2.413157356791083	1.542588024915064	5.0	2.5502106250426824	4.004431385922227	5.0
18:45	5.0	2.312939484030871	1.660683952573483	2.214041511880304	2.413157356791083	1.542588024915064	5.0	2.5502106250426824	2.9683426106287296	5.0
18:50	5.0	2.312939484030871	1.660683952573483	2.214041511880304	2.413157356791083	1.542588024915064	5.0	2.5502106250426824	2.5113440968227962	5.0
18:55	5.0	2.312939484030871	1.660683952573483	2.214041511880304	2.413157356791083	1.542588024915064	5.0	2.5502106250426824	2.9280107634894628	5.0
19:00	5.0	2.312939484030871	1.660683952573483	2.214041511880304	2.413157356791083	1.542588024915064	5.0	2.5502106250426824	3.3446774301561293	5.0
19:05	5.0	2.312939484030871	1.660683952573483	2.214041511880304	2.413157356791083	1.542588024915064	5.0	2.5502106250426824	3.7613440968227962	5.0
19:10	5.0	2.312939484030871	1.660683952573483	2.214041511880304	2.413157356791083	1.542588024915064	5.0	2.5502106250426824	4.178010763489462	5.0
19:15	5.0	2.312939484030871	1.660683952573483	2.214041511880304	2.413157356791083	1.542588024915064	5.0	2.5502106250426824	4.594677430156129	5.0
19:20	5.0	2.312939484030871	1.660683952573483	2.214041511880304	2.413157356791083	1.542588024915064	5.0	2.5502106250426824	5.0	5.0
19:25	5.0	2.312939484030871	1.660683952573483	2.214041511880304	2.413157356791083	1.542588024915064	5.0	2.5502106250426824	5.0	5.0
19:30	5.0	2.312939484030871	1.660683952573483	2.214041511880304	2.413157356791083	1.542588024915064	5.0	2.5502106250426824	5.0	5.0
19:35	4.9027781877810455	2.312939484030871	1.660683952573483	2.214041511880304	2.413157356791083	1.542588024915064	5.0	2.5502106250426824	5.0	5.0
19:40	4.9027781877810455	2.312939484030871	1.660683952573483	2.214041511880304	2.413157356791083	1.542588024915064	5.0	2.5502106250426824	5.0	5.0
19:45	4.9027781877810455	2.312939484030871	1.660683952573483	2.214041511880304	2.413157356791083	1.542588024915064	5.0	2.5502106250426824	5.0	5.0
19:50	4.9027781877810455	2.312939484030871	1.660683952573483	2.214041511880304	2.413157356791083	1.542588024915064	5.0	2.5502106250426824	5.0	5.0
19:55	4.9027781877810455	2.312939484030871	1.660683952573483	2.214041511880304	2.413157356791083	1.542588024915064	5.0	2.5502106250426824	5.0	5.0
20:00	4.9027781877810455	2.312939484030871	1.660683952573483	2.214041511880304	2.413157356791083	1.542588024915064	5.0	2.5502106250426824	5.0	5.0
20:05	4.9027781877810455	2.312939484030871	1.660683952573483	2.214041511880304	2.413157356791083	1.542588024915064	5.0	2.5502106250426824	5.0	5.0
20:10	4.9027781877810455	2.312939484030871	1.660683952573483	2.214041511880304	2.413157356791083	1.542588024915064	5.0	2.5502106250426824	5.0	5.0
20:15	4.9027781877810455	2.312939484030871	1.660683952573483	2.214041511880304	2.413157356791083	1.542588024915064	5.0	2.5502106250426824	5.0	5.0
20:20	4.9027781877810455	2.312939484030871	1.660683952573483	2.214041511880304	2.413157356791083	1.542588024915064	5.0	2.5502106250426824	4.733910319507531	5.0
20:25	4.9027781877810455	2.312939484030871	1.660683952573483	2.214041511880304	2.413157356791083	1.542588024915064	5.0	2.5502106250426824	3.8503513083881122	5.0
20:30	4.9027781877810455	2.312939484030871	1.660683952573483	2.214041511880304	2.413157356791083	1.542588024915064	5.0	2.5502106250426824	2.726133230684252	5.0
20:35	4.9027781877810455	2.312939484030871	1.660683952573483	2.214041511880304	2.413157356791083	1.542588024915064	5.0	2.5502106250426824	3.142799897350919	5.0
20:40	4.9027781877810455	2.312939484030871	1.660683952573483	2.214041511880304	2.413157356791083	1.542588024915064	5.0	2.5502106250426824	3.5594665640175855	5.0
20:45	4.9027781877810455	2.312939484030871	1.660683952573483	2.214041511880304	2.413157356791083	1.542588024915064	5.0	2.5502106250426824	3.976133230684252	5.0
20:50	4.9027781877810455	2.312939484030871	1.660683952573483	2.214041511880304	2.413157356791083	1.542588024915064	5.0	2.5502106250426824	4.392799897350919	5.0
20:55	4.9027781877810455	2.312939484030871	1.660683952573483	2.214041511880304	2.413157356791083	1.542588024915064	5.0	2.5502106250426824	4.809466564017586	5.0
21:00	4.9027781877810455	2.312939484030871	1.660683952573483	2.214041511880304	2.413157356791083	1.542588024915064	5.0	2.5502106250426824	5.0	5.0
21:05	4.9027781877810455	2.312939484030871	1.660683952573483	2.214041511880304	2.413157356791083	1.542588024915064	5.0	2.5502106250426824	5.0	5.0
21:10	4.9027781877810455	2.312939484030871	1.660683952573483	2.214041511880304	2.413157356791083	1.542588024915064	4.892370412797595	2.5502106250426824	5.0	5.0
21:15	4.9027781877810455	2.312939484030871	1.660683952573483	2.214041511880304	2.413157356791083	1.542588024915064	4.174526438026356	2.5502106250426824	5.0	5.0
21:20	4.9027781877810455	2.312939484030871	1.660683952573483	2.214041511880304	2.413157356791083	1.542588024915064	4.416341784058291	2.5502106250426824	5.0	5.0
21:25	4.9027781877810455	2.312939484030871	1.660683952573483	2.214041511880304	2.413157356791083	1.542588024915064	4.833008450724958	2.5502106250426824	5.0	5.0
21:30	4.9027781877810455	2.312939484030871	1.660683952573483	2.214041511880304	2.413157356791083	1.542588024915064	5.0	2.5502106250426824	5.0	5.0
21:35	4.9027781877810455	2.312939484030871	1.660683952573483	2.214041511880304	2.413157356791083	1.542588024915064	5.0	2.5502106250426824	5.0	5.0
21:40	4.9027781877810455	2.312939484030871	1.660683952573483	2.214041511880304	2.413157356791083	1.542588024915064	5.0	2.5502106250426824	5.0	5.0
21:45	4.9027781877810455	2.312939484030871	1.660683952573483	2.214041511880304	2.413157356791083	1.542588024915064	5.0	2.5502106250426824	5.0	5.0
21:50	4.9027781877810455	2.312939484030871	1.660683952573483	2.214041511880304	2.413157356791083	1.542588024915064	5.0	2.5502106250426824	5.0	5.0
21:55	4.9027781877810455	2.312939484030871	1.660683952573483	2.214041511880304	2.413157356791083	1.542588024915064	5.0	2.5502106250426824	5.0	5.0
22:00	4.9027781877810455	2.312939484030871	1.660683952573483	2.214041511880304	2.413157356791083	1.542588024915064	5.0	2.5502106250426824	4.9870625861079425	5.0
22:05	4.9027781877810455	2.312939484030871	1.660683952573483	2.214041511880304	2.413157356791083	1.542588024915064	5.0	2.5502106250426824	4.071353650261191	5.0
22:10	4.9027781877810455	2.312939484030871	1.660683952573483	2.214041511880304	2.413157356791083	1.542588024915064	5.0	2.5502106250426824	3.207395360543446	5.0
22:15	4.9027781877810455	2.312939484030871	1.660683952573483	2.214041511880304	2.413157356791083	1.542588024915064	5.0	2.5502106250426824	3.197822180206814	5.0
22:20	4.9027781877810455	2.312939484030871	1.660683952573483	2.214041511880304	2.413157356791083	1.542588024915064	5.0	2.5502106250426824	3.614488846873481	5.0
22:25	4.9027781877810455	2.312939484030871	1.660683952573483	2.214041511880304	2.413157356791083	1.542588024915064	5.0	2.5502106250426824	4.031155513540147	5.0
22:30	4.9027781877810455	2.312939484030871	1.660683952573483	2.214041511880304	2.413157356791083	1.542588024915064	5.0	2.5502106250426824	4.447822180206814	5.0
22:35	4.9027781877810455	2.312939484030871	1.660683952573483	2.214041511880304	2.413157356791083	1.542588024915064	5.0	2.5502106250426824	4.86448884687348	5.0
22:40	4.9027781877810455	2.312939484030871	1.660683952573483	2.214041511880304	2.413157356791083	1.542588024915064	5.0	2.5502106250426824	5.0	5.0
22:45	4.9027781877810455	2.312939484030871	1.660683952573483	2.214041511880304	2.413157356791083	1.542588024915064	5.0	2.5502106250426824	5.0	5.0
22:50	4.9027781877810455	2.312939484030871	1.660683952573483	2.214041511880304	2.413157356791083	1.542588024915064	4.958740403160159	2.5502106250426824	5.0	5.0
22:55	4.9027781877810455	2.312939484030871	1.660683952573483	2.214041511880304	2.413157356791083	1.542588024915064	5.0	2.5502106250426824	5.0	5.0
23:00	4.9027781877810455	2.312939484030871	1.660683952573483	2.214041511880304	2.413157356791083	1.542588024915064	5.0	2.5502106250426824	5.0	5.0
23:05	4.9027781877810455	2.312939484030871	1.660683952573483	2.214041511880304	2.413157356791083	1.542588024915064	5.0	2.5502106250426824	5.0	5.0
23:10	4.9027781877810455	2.312939484030871	1.660683952573483	2.214041511880304	2.413157356791083	1.542588024915064	5.0	2.5502106250426824	5.0	5.0
23:15	4.9027781877810455	2.312939484030871	1.660683952573483	2.214041511880304	2.413157356791083	1.542588024915064	5.0	2.5502106250426824	5.0	5.0
23:20	4.9027781877810455	2.312939484030871	1.660683952573483	2.214041511880304	2.413157356791083	1.542588024915064	5.0	2.5502106250426824	5.0	5.0
23:25	4.9027781877810455	2.312939484030871	1.660683952573483	2.214041511880304	2.413157356791083	1.542588024915064	5.0	2.5502106250426824	5.0	5.0
23:30	4.9027781877810455	2.312939484030871	1.660683952573483	2.214041511880304	2.413157356791083	1.542588024915064	5.0	2.5502106250426824	5.0	5.0
23:35	4.9027781877810455	2.312939484030871	1.660683952573483	2.214041511880304	2.413157356791083	1.542588024915064	5.0	2.5502106250426824	5.0	5.0
23:40	4.9027781877810455	2.312939484030871	1.660683952573483	2.214041511880304	2.413157356791083	1.542588024915064	5.0	2.5502106250426824	5.0	5.0
23:45	4.9027781877810455	2.312939484030871	1.660683952573483	2.214041511880304	2.413157356791083	1.542588024915064	5.0	2.5502106250426824	5.0	5.0
23:50	4.9027781877810455	2.312939484030871	1.660683952573483	2.214041511880304	2.413157356791083	1.542588024915064	5.0	2.5502106250426824	5.0	5.0
23:55	4.9027781877810455	2.312939484030871	1.660683952573483	2.214041511880304	2.413157356791083	1.542588024915064	5.0	2.5502106250426824	5.0	5.0
24:00	4.9027781877810455	2.312939484030871	1.660683952573483	2.214041511880304	2.413157356791083	1.542588024915064	5.0	2.5502106250426824	5.0	5.0
