time	1	2	3	4	5	6	7	8	9	10
00:00	2.95	3.4499999999999993	1.6	2.25	1.6	2.4	3.1	3.7	3.3	1.05
00:05	2.95	3.4499999999999993	1.6	2.25	1.6	2.4	3.1	3.7	3.3	1.05
00:10	2.95	3.4499999999999993	1.6	2.25	1.6	2.4	3.1	3.7	3.3	1.05
00:15	2.95	3.4499999999999993	1.6	2.25	1.6	2.4	3.1	3.7	3.3	1.05
00:20	2.95	3.4499999999999993	1.6	2.25	1.6	2.4	3.1	3.7	3.3	1.05
00:25	2.95	3.4499999999999993	1.6	2.25	1.6	2.4	3.1	3.7	3.3	1.05
00:30	2.95	3.4499999999999993	1.6	2.25	1.6	2.4	3.1	3.7	3.3	1.05
00:35	2.95	3.4499999999999993	1.6	2.25	1.6	2.4	3.1	3.7	3.3	1.05
00:40	2.95	3.4499999999999993	1.6	2.25	1.6	2.4	3.1	3.7	3.3	1.05
00:45	2.95	3.4499999999999993	1.6	2.25	1.6	2.4	3.1	3.7	3.3	1.05
00:50	2.95	3.4499999999999993	1.6	2.25	1.6	2.4	3.1	3.7	3.3	1.05
00:55	2.95	3.4499999999999993	1.6	2.25	1.6	2.4	3.1	3.7	3.3	1.05
01:00	2.95	3.4499999999999993	1.6	2.25	1.6	2.4	3.1	3.7	3.3	1.05
01:05	2.95	3.4499999999999993	1.6	2.25	1.6	2.4	3.1	3.7	3.3	1.05
01:10	2.95	3.4499999999999993	1.6	2.25	1.6	2.4	3.1	3.7	3.3	1.05
01:15	2.95	3.4499999999999993	1.6	2.25	1.6	2.4	3.1	3.7	3.3	1.05
01:20	2.95	3.4499999999999993	1.6	2.25	1.6	2.4	3.1	3.7	3.3	1.05
01:25	2.95	3.4499999999999993	1.6	2.25	1.6	2.4	3.1	3.7	3.3	1.05
01:30	2.95	3.4499999999999993	1.6	2.25	1.6	2.4	3.1	3.7	3.3	1.05
01:35	2.95	3.4499999999999993	1.6	2.25	1.6	2.4	3.1	3.7	3.3	1.05
01:40	2.95	3.4499999999999993	1.6	2.25	1.6	2.4	3.1	3.7	3.3	1.05
01:45	2.95	3.4499999999999993	1.6	2.25	1.6	2.4	3.1	3.7	3.3	1.05
01:50	2.95	3.4499999999999993	1.6	2.25	1.6	2.4	3.1	3.7	3.3	1.05
01:55	2.95	3.4499999999999993	1.6	2.25	1.6	2.4	3.1	3.7	3.3	1.05
02:00	2.95	3.4499999999999993	1.6	2.25	1.6	2.4	3.1	3.7	3.3	1.05
02:05	2.95	3.4499999999999993	1.6	2.25	1.6	2.4	3.1	3.7	3.3	1.05
02:10	2.95	3.4499999999999993	1.6	2.25	1.6	2.4	3.1	3.7	3.3	1.05
02:15	2.95	3.4499999999999993	1.6	2.25	1.6	2.4	3.1	3.7	3.3	1.05
02:20	2.95	3.4499999999999993	1.6	2.25	1.6	2.4	3.1	3.7	3.3	1.05
02:25	2.95	3.4499999999999993	1.6	2.25	1.6	2.4	3.1	3.7	3.3	1.05
02:30	2.95	3.4499999999999993	1.6	2.25	1.6	2.4	3.1	3.7	3.3	1.05
02:35	2.95	3.4499999999999993	1.6	2.25	1.6	2.4	3.1	3.7	3.3	1.05
02:40	2.95	3.4499999999999993	1.6	2.25	1.6	2.4	3.1	3.7	3.3	1.05
02:45	2.95	3.4499999999999993	1.6	2.25	1.6	2.4	3.1	3.7	3.3	1.05
02:50	2.95	3.4499999999999993	1.6	2.25	1.6	2.4	3.1	3.7	3.3	1.05
02:55	2.95	3.4499999999999993	1.6	2.25	1.6	2.4	3.1	3.7	3.3	1.05
03:00	2.95	3.4499999999999993	1.6	2.25	1.6	2.4	3.1	3.7	3.3	1.05
03:05	2.95	3.4499999999999993	1.6	2.25	1.6	2.4	3.1	3.7	3.3	1.05
03:10	2.95	3.4499999999999993	1.6	2.25	1.6	2.4	3.1	3.7	3.3	1.05
03:15	2.95	3.4499999999999993	1.6	2.25	1.6	2.4	3.1	3.7	3.3	1.05
03:20	2.95	3.4499999999999993	1.6	2.25	1.6	2.4	3.1	3.7	3.3	1.05
03:25	2.95	3.4499999999999993	1.6	2.25	1.6	2.4	3.1	3.7	3.3	1.05
03:30	2.95	3.4499999999999993	1.6	2.25	1.6	2.4	3.1	3.7	3.3	1.05
03:35	2.95	3.4499999999999993	1.6	2.25	1.6	2.4	3.1	3.7	3.3	1.05
03:40	2.95	3.4499999999999993	1.6	2.25	1.6	2.4	3.1	3.7	3.3	1.05
03:45	2.95	3.4499999999999993	1.6	2.25	1.6	2.4	3.1	3.7	3.3	1.05
03:50	2.95	3.4499999999999993	1.6	2.25	1.6	2.4	3.1	3.7	3.3	1.05
03:55	2.95	3.4499999999999993	1.6	2.25	1.6	2.4	3.1	3.7	3.3	1.05
04:00	2.95	3.4499999999999993	1.6	2.25	1.6	2.4	3.1	3.7	3.3	1.05
04:05	2.95	3.4499999999999993	1.6	2.25	1.6	2.4	3.1	3.7	3.3	1.05
04:10	2.95	3.4499999999999993	1.6	2.25	1.6	2.4	3.1	3.7	3.3	1.05
04:15	2.95	3.4499999999999993	1.6	2.25	1.6	2.4	3.1	3.7	3.3	1.05
04:20	2.95	3.4499999999999993	1.6	2.25	1.6	2.4	3.1	3.7	3.3	1.05
04:25	2.95	3.4499999999999993	1.6	2.25	1.6	2.4	3.1	3.7	3.3	1.05
04:30	2.95	3.4499999999999993	1.6	2.25	1.6	2.4	3.1	3.7	3.3	1.05
04:35	2.95	3.4499999999999993	1.6	2.25	1.6	2.4	3.1	3.7	3.3	1.05
04:40	2.95	3.4499999999999993	1.6	2.25	1.6	2.4	3.1	3.7	3.3	1.05
04:45	2.95	3.4499999999999993	1.6	2.25	1.6	2.4	3.1	3.7	3.3	1.05
04:50	2.95	3.4499999999999993	1.6	2.25	1.6	2.4	3.1	3.7	3.3	1.05
04:55	2.95	3.4499999999999993	1.6	2.25	1.6	2.4	3.1	3.7	3.3	1.05
05:00	2.95	3.4499999999999993	1.6	2.25	1.6	2.4	3.1	3.7	3.3	1.05
05:05	2.95	3.4499999999999993	1.6	2.25	1.6	2.4	3.1	3.7	3.3	1.05
05:10	2.95	3.4499999999999993	1.6	2.25	1.6	2.4	3.1	3.7	3.3	1.05
05:15	2.95	3.4499999999999993	1.6	2.25	1.6	2.4	3.1	3.7	3.3	1.05
05:20	2.95	3.4499999999999993	1.6	2.25	1.6	2.4	3.1	3.7	3.3	1.05
05:25	2.95	3.4499999999999993	1.6	2.25	1.6	2.4	3.1	3.7	3.3	1.05
05:30	2.95	3.4499999999999993	1.6	2.25	1.6	2.4	3.1	3.7	3.3	1.05
05:35	2.95	3.4499999999999993	1.6	2.25	1.6	2.4	3.1	3.7	3.3	1.05
05:40	2.95	3.4499999999999993	1.6	2.25	1.6	2.4	3.1	3.7	3.3	1.05
05:45	2.95	3.4499999999999993	1.6	2.25	1.6	2.4	3.1	3.7	3.3	1.05
05:50	2.95	3.4499999999999993	1.6	2.25	1.6	2.4	3.1	3.7	3.3	1.05
05:55	2.95	3.4499999999999993	1.6	2.25	1.6	2.4	3.1	3.7	3.3	1.05
06:00	2.95	3.4499999999999993	1.6	2.25	1.6	2.4	3.1	3.7	3.3	1.05
06:05	2.95	3.4499999999999993	1.6	2.25	1.6	2.4	3.1	3.7	3.3	1.05
06:10	2.95	3.4499999999999993	1.6	2.25	1.6	2.4	3.1	3.7	3.3	1.05
06:15	2.95	3.4499999999999993	1.6	2.25	1.6	2.4	3.1	3.7	3.3	1.05
06:20	2.95	3.4499999999999993	1.6	2.25	1.6	2.4	3.1	3.7	3.3	1.05
06:25	2.95	3.4499999999999993	1.6	2.25	1.6	2.4	3.1	3.7	3.3	1.05
06:30	2.95	3.4499999999999993	1.6	2.25	1.6	2.4	3.1	3.7	3.3	1.05
06:35	2.95	3.4499999999999993	1.6	2.25	1.6	2.4	3.1	3.7	3.3	1.05
06:40	2.95	3.4499999999999993	1.6	2.25	1.6	2.4	3.1	3.7	3.3	1.05
06:45	2.95	3.4499999999999993	1.6	2.25	1.6	2.4	3.1	3.7	3.3	1.05
06:50	2.95	3.4499999999999993	1.6	2.25	1.6	2.4	3.1	3.7	3.3	1.05
06:55	2.95	3.4499999999999993	1.6	2.25	1.6	2.4	3.1	3.7	3.3	1.05
07:00	2.95	3.4499999999999993	1.6	2.25	1.6	2.4	3.1	3.7	3.3	1.05
07:05	2.95	3.4499999999999993	1.6	2.25	1.6	2.4	3.1	3.7	3.3	1.05
07:10	2.95	3.4499999999999993	1.6	2.25	1.6	2.4	3.1	3.7	3.3	1.05
07:15	2.95	3.4499999999999993	1.6	2.25	1.6	2.4	3.1	3.7	3.3	1.05
07:20	2.95	3.4499999999999993	1.6	2.25	1.6	2.4	3.1	3.7	3.3	1.05
07:25	2.95	3.4499999999999993	1.6	2.25	1.6	2.4	3.1	3.7	3.3	1.05
07:30	2.95	3.4499999999999993	1.6	2.25	1.6	2.4	3.1	3.7	3.3	1.05
07:35	2.95	3.4499999999999993	1.6	2.25	1.6	2.4	3.1	3.7	3.3	1.05
07:40	2.95	3.4499999999999993	1.6	2.25	1.6	2.4	3.1	3.7	3.3	1.05
07:45	2.95	3.4499999999999993	1.6	2.25	1.6	2.4	3.1	3.7	3.3	1.05
07:50	2.95	3.4499999999999993	1.6	2.25	1.6	2.4	3.1	3.7	3.3	1.05
07:55	2.95	3.4499999999999993	1.6	2.25	1.6	2.4	3.1	3.7	3.3	1.05
08:00	2.95	3.4499999999999993	1.6	2.25	1.6	2.4	3.1	3.7	3.3	1.05
08:05	2.95	3.4499999999999993	1.6	2.25	1.6	2.4	3.1	3.7	3.3	1.05
08:10	2.95	3.4499999999999993	1.6	2.25	1.6	2.4	3.1	3.7	3.3	1.05
08:15	2.95	3.4499999999999993	1.6	2.25	1.6	2.4	3.1	3.7	3.3	1.05
08:20	2.95	3.4499999999999993	1.6	2.25	1.6	2.4	3.1	3.7	3.3	1.05
08:25	2.95	3.4499999999999993	1.6	2.25	1.6	2.4	3.1	3.7	3.3	1.05
08:30	2.95	3.4499999999999993	1.6	2.25	1.6	2.4	3.1	3.7	3.3	1.05
08:35	2.95	3.4499999999999993	1.6	2.25	1.6	2.4	3.1	3.7	3.3	1.05
08:40	2.95	3.4499999999999993	1.6	2.25	1.6	2.4	3.1	3.7	3.3	1.05
08:45	2.95	3.4499999999999993	1.6	2.25	1.6	2.4	3.1	3.7	3.3	1.05
08:50	2.95	3.4499999999999993	1.6	2.25	1.6	2.4	3.1	3.7	3.3	1.05
08:55	2.95	3.4499999999999993	1.6	2.25	1.6	2.4	3.1	3.7	3.3	1.05
09:00	2.95	3.4499999999999993	1.6	2.25	1.6	2.4	3.1	3.7	3.3	1.05
09:05	2.0948577004965734	2.773253525152633	0.7331089312086959	1.167037771608062	0.472545819769121	1.3387298785846873	2.3192884377644303	2.9608295095994195	2.34203900370226	0.07522114639371263
09:10	1.9538755034601378	1.4163028224922931	0.7331089312086959	0.662315748049088	0.27080755498728176	0.3252161097498827	1.716347147241781	2.9608295095994195	1.748884494422905	0.0
09:15	1.9538755034601378	0.9824384702191425	0.7331089312086959	0.662315748049088	0.27080755498728176	0.0	1.716347147241781	2.9608295095994195	1.748884494422905	0.0
09:20	1.9538755034601378	0.9824384702191425	0.7331089312086959	0.662315748049088	0.27080755498728176	0.0	1.716347147241781	2.9608295095994195	1.748884494422905	0.0
09:25	1.9538755034601378	0.9824384702191425	0.7331089312086959	0.662315748049088	0.27080755498728176	0.0	1.716347147241781	2.9608295095994195	1.748884494422905	0.0
09:30	1.9538755034601378	0.9824384702191425	0.7331089312086959	0.662315748049088	0.27080755498728176	0.0	1.716347147241781	2.9608295095994195	1.748884494422905	0.0
09:35	1.9538755034601378	0.9824384702191425	0.7331089312086959	0.662315748049088	0.27080755498728176	0.0	1.716347147241781	2.9608295095994195	1.748884494422905	0.0
09:40	1.9538755034601378	0.9824384702191425	0.7331089312086959	0.662315748049088	0.27080755498728176	0.0	1.716347147241781	2.9608295095994195	1.748884494422905	0.0
09:45	1.9538755034601378	0.9824384702191425	0.7331089312086959	0.662315748049088	0.27080755498728176	0.0	1.716347147241781	2.9608295095994195	1.748884494422905	0.0
09:50	1.9538755034601378	0.9824384702191425	0.7331089312086959	0.662315748049088	0.27080755498728176	0.0	1.716347147241781	2.9608295095994195	1.748884494422905	0.0
09:55	1.9538755034601378	0.9824384702191425	0.7331089312086959	0.662315748049088	0.27080755498728176	0.0	1.716347147241781	2.9608295095994195	1.748884494422905	0.0
10:00	1.9538755034601378	0.9824384702191425	0.7331089312086959	0.662315748049088	0.27080755498728176	0.0	1.716347147241781	2.9608295095994195	1.748884494422905	0.0
10:05	1.9538755034601378	0.9824384702191425	0.7331089312086959	0.662315748049088	0.27080755498728176	0.0	1.716347147241781	2.9608295095994195	1.748884494422905	0.0
10:10	1.9538755034601378	0.9824384702191425	0.7331089312086959	0.662315748049088	0.27080755498728176	0.0	1.716347147241781	2.9608295095994195	1.748884494422905	0.0
10:15	1.9538755034601378	0.9824384702191425	0.7331089312086959	0.662315748049088	0.27080755498728176	0.0	1.716347147241781	2.9608295095994195	1.748884494422905	0.0
10:20	1.9538755034601378	0.9824384702191425	0.7331089312086959	0.662315748049088	0.27080755498728176	0.0	1.716347147241781	2.9608295095994195	1.748884494422905	0.0
10:25	1.9538755034601378	0.9824384702191425	0.7331089312086959	0.662315748049088	0.27080755498728176	0.0	1.716347147241781	2.9608295095994195	1.748884494422905	0.0
10:30	1.9538755034601378	0.9824384702191425	0.7331089312086959	0.662315748049088	0.27080755498728176	0.0	1.716347147241781	2.9608295095994195	1.748884494422905	0.0
10:35	1.9538755034601378	0.9824384702191425	0.7331089312086959	0.662315748049088	0.27080755498728176	0.0	1.716347147241781	2.9608295095994195	1.748884494422905	0.0
10:40	1.9538755034601378	0.9824384702191425	0.7331089312086959	0.662315748049088	0.27080755498728176	0.0	1.716347147241781	2.9608295095994195	1.748884494422905	0.0
10:45	1.9538755034601378	0.9824384702191425	0.7331089312086959	0.662315748049088	0.27080755498728176	0.0	1.716347147241781	2.9608295095994195	1.748884494422905	0.0
10:50	1.9538755034601378	0.9824384702191425	0.7331089312086959	0.662315748049088	0.27080755498728176	0.0	1.716347147241781	2.9608295095994195	1.748884494422905	0.0
10:55	1.9538755034601378	0.9824384702191425	0.7331089312086959	0.662315748049088	0.27080755498728176	0.0	1.716347147241781	2.9608295095994195	1.748884494422905	0.0
11:00	1.9538755034601378	0.9824384702191425	0.7331089312086959	0.662315748049088	0.27080755498728176	0.0	1.716347147241781	2.9608295095994195	1.748884494422905	0.0
11:05	1.9538755034601378	0.9824384702191425	0.7331089312086959	0.662315748049088	0.27080755498728176	0.0	1.716347147241781	2.9608295095994195	1.748884494422905	0.0
11:10	1.9538755034601378	0.9824384702191425	0.7331089312086959	0.662315748049088	0.27080755498728176	0.0	1.716347147241781	2.9608295095994195	1.748884494422905	0.0
11:15	1.9538755034601378	0.9824384702191425	0.7331089312086959	0.662315748049088	0.27080755498728176	0.0	1.716347147241781	2.9608295095994195	1.748884494422905	0.0
11:20	1.9538755034601378	0.9824384702191425	0.7331089312086959	0.662315748049088	0.27080755498728176	0.0	1.716347147241781	2.9608295095994195	1.748884494422905	0.0
11:25	1.9538755034601378	0.9824384702191425	0.7331089312086959	0.662315748049088	0.27080755498728176	0.0	1.716347147241781	2.9608295095994195	1.748884494422905	0.0
11:30	1.9538755034601378	0.9824384702191425	0.7331089312086959	0.662315748049088	0.27080755498728176	0.0	1.716347147241781	2.9608295095994195	1.748884494422905	0.0
11:35	1.9538755034601378	0.9824384702191425	0.7331089312086959	0.662315748049088	0.27080755498728176	0.0	1.716347147241781	2.9608295095994195	1.748884494422905	0.0
11:40	1.9538755034601378	0.9824384702191425	0.7331089312086959	0.662315748049088	0.27080755498728176	0.0	1.716347147241781	2.9608295095994195	1.748884494422905	0.0
11:45	1.9538755034601378	0.9824384702191425	0.7331089312086959	0.662315748049088	0.27080755498728176	0.0	1.716347147241781	2.9608295095994195	1.748884494422905	0.0
11:50	1.9538755034601378	0.9824384702191425	0.7331089312086959	0.662315748049088	0.27080755498728176	0.0	1.716347147241781	2.9608295095994195	1.748884494422905	0.0
11:55	1.9538755034601378	0.9824384702191425	0.7331089312086959	0.662315748049088	0.27080755498728176	0.0	1.716347147241781	2.9608295095994195	1.748884494422905	0.0
12:00	1.9538755034601378	0.9824384702191425	0.7331089312086959	0.662315748049088	0.27080755498728176	0.0	1.716347147241781	2.9608295095994195	1.748884494422905	0.0
12:05	1.9538755034601378	0.9824384702191425	0.7331089312086959	0.662315748049088	0.27080755498728176	0.0	1.716347147241781	2.9608295095994195	1.748884494422905	0.0
12:10	1.9538755034601378	0.9824384702191425	0.7331089312086959	0.662315748049088	0.27080755498728176	0.0	1.716347147241781	2.9608295095994195	1.748884494422905	0.0
12:15	1.9538755034601378	0.9824384702191425	0.7331089312086959	0.662315748049088	0.27080755498728176	0.0	1.716347147241781	2.9608295095994195	1.748884494422905	0.0
12:20	1.9538755034601378	0.9824384702191425	0.7331089312086959	0.662315748049088	0.27080755498728176	0.0	1.716347147241781	2.9608295095994195	1.748884494422905	0.0
12:25	1.9538755034601378	0.9824384702191425	0.7331089312086959	0.662315748049088	0.27080755498728176	0.0	1.716347147241781	2.9608295095994195	1.748884494422905	0.0
12:30	1.9538755034601378	0.9824384702191425	0.7331089312086959	0.662315748049088	0.27080755498728176	0.0	1.716347147241781	2.9608295095994195	1.748884494422905	0.0
12:35	1.9538755034601378	0.9824384702191425	0.7331089312086959	0.662315748049088	0.27080755498728176	0.0	1.716347147241781	2.9608295095994195	1.748884494422905	0.0
12:40	1.9538755034601378	0.9824384702191425	0.7331089312086959	0.662315748049088	0.27080755498728176	0.0	1.716347147241781	2.9608295095994195	1.748884494422905	0.0
12:45	1.9538755034601378	0.9824384702191425	0.7331089312086959	0.662315748049088	0.27080755498728176	0.0	1.716347147241781	2.9608295095994195	1.748884494422905	0.0
12:50	1.9538755034601378	0.9824384702191425	0.7331089312086959	0.662315748049088	0.27080755498728176	0.0	1.716347147241781	2.9608295095994195	1.748884494422905	0.0
12:55	1.9538755034601378	0.9824384702191425	0.7331089312086959	0.662315748049088	0.27080755498728176	0.0	1.716347147241781	2.9608295095994195	1.748884494422905	0.0
13:00	1.9538755034601378	0.9824384702191425	0.7331089312086959	0.662315748049088	0.27080755498728176	0.0	1.716347147241781	2.9608295095994195	1.748884494422905	0.0
13:05	1.9538755034601378	0.9824384702191425	0.7331089312086959	0.662315748049088	0.27080755498728176	0.0	1.716347147241781	2.9608295095994195	1.748884494422905	0.0
13:10	1.9538755034601378	0.9824384702191425	0.7331089312086959	0.662315748049088	0.27080755498728176	0.0	1.716347147241781	2.9608295095994195	1.748884494422905	0.0
13:15	1.9538755034601378	0.9824384702191425	0.7331089312086959	0.662315748049088	0.27080755498728176	0.0	1.716347147241781	2.9608295095994195	1.748884494422905	0.0
13:20	1.9538755034601378	0.9824384702191425	0.7331089312086959	0.662315748049088	0.27080755498728176	0.0	1.716347147241781	2.9608295095994195	1.748884494422905	0.0
13:25	1.9538755034601378	0.9824384702191425	0.7331089312086959	0.662315748049088	0.27080755498728176	0.0	1.716347147241781	2.9608295095994195	1.748884494422905	0.0
13:30	1.9538755034601378	0.9824384702191425	0.7331089312086959	0.662315748049088	0.27080755498728176	0.0	1.716347147241781	2.9608295095994195	1.748884494422905	0.0
13:35	1.9538755034601378	0.9824384702191425	0.7331089312086959	0.662315748049088	0.27080755498728176	0.0	1.716347147241781	2.9608295095994195	1.748884494422905	0.0
13:40	1.9538755034601378	0.9824384702191425	0.7331089312086959	0.662315748049088	0.27080755498728176	0.0	1.716347147241781	2.9608295095994195	1.748884494422905	0.0
13:45	1.9538755034601378	0.9824384702191425	0.7331089312086959	0.662315748049088	0.27080755498728176	0.0	1.716347147241781	2.9608295095994195	1.748884494422905	0.0
13:50	1.9538755034601378	0.9824384702191425	0.7331089312086959	0.662315748049088	0.27080755498728176	0.0	1.716347147241781	2.9608295095994195	1.748884494422905	0.0
13:55	1.9538755034601378	0.9824384702191425	0.7331089312086959	0.662315748049088	0.27080755498728176	0.0	1.716347147241781	2.9608295095994195	1.748884494422905	0.0
14:00	1.9538755034601378	0.9824384702191425	0.7331089312086959	0.662315748049088	0.27080755498728176	0.0	1.716347147241781	2.9608295095994195	1.748884494422905	0.0
14:05	1.9538755034601378	0.9824384702191425	0.7331089312086959	0.662315748049088	0.27080755498728176	0.0	1.716347147241781	2.9608295095994195	1.748884494422905	0.0
14:10	1.9538755034601378	0.9824384702191425	0.7331089312086959	0.662315748049088	0.27080755498728176	0.0	1.716347147241781	2.9608295095994195	1.748884494422905	0.0
14:15	1.9538755034601378	0.9824384702191425	0.7331089312086959	0.662315748049088	0.27080755498728176	0.0	1.716347147241781	2.9608295095994195	1.748884494422905	0.0
14:20	1.9538755034601378	0.9824384702191425	0.7331089312086959	0.662315748049088	0.27080755498728176	0.0	1.716347147241781	2.9608295095994195	1.748884494422905	0.0
14:25	1.9538755034601378	0.9824384702191425	0.7331089312086959	0.662315748049088	0.27080755498728176	0.0	1.716347147241781	2.9608295095994195	1.748884494422905	0.0
14:30	1.9538755034601378	0.9824384702191425	0.7331089312086959	0.662315748049088	0.27080755498728176	0.0	1.716347147241781	2.9608295095994195	1.748884494422905	0.0
14:35	1.9538755034601378	0.9824384702191425	0.7331089312086959	0.662315748049088	0.27080755498728176	0.0	1.716347147241781	2.9608295095994195	1.748884494422905	0.0
14:40	1.9538755034601378	0.9824384702191425	0.7331089312086959	0.662315748049088	0.27080755498728176	0.0	1.716347147241781	2.9608295095994195	1.748884494422905	0.0
14:45	1.9538755034601378	0.9824384702191425	0.7331089312086959	0.662315748049088	0.27080755498728176	0.0	1.716347147241781	2.9608295095994195	1.748884494422905	0.0
14:50	1.9538755034601378	0.9824384702191425	0.7331089312086959	0.662315748049088	0.27080755498728176	0.0	1.716347147241781	2.9608295095994195	1.748884494422905	0.0
14:55	1.9538755034601378	0.9824384702191425	0.7331089312086959	0.662315748049088	0.27080755498728176	0.0	1.716347147241781	2.9608295095994195	1.748884494422905	0.0
15:00	1.9538755034601378	0.9824384702191425	0.7331089312086959	0.662315748049088	0.27080755498728176	0.0	1.716347147241781	2.9608295095994195	1.748884494422905	0.0
15:05	1.9538755034601378	0.9824384702191425	0.7331089312086959	0.662315748049088	0.27080755498728176	0.0	1.716347147241781	2.9608295095994195	1.748884494422905	0.0
15:10	1.9538755034601378	0.9824384702191425	0.7331089312086959	0.662315748049088	0.27080755498728176	0.0	1.716347147241781	2.9608295095994195	1.748884494422905	0.0
15:15	1.9538755034601378	0.9824384702191425	0.7331089312086959	0.662315748049088	0.27080755498728176	0.0	1.716347147241781	2.9608295095994195	1.748884494422905	0.0
15:20	1.9538755034601378	0.9824384702191425	0.7331089312086959	0.662315748049088	0.27080755498728176	0.0	1.716347147241781	2.9608295095994195	1.748884494422905	0.0
15:25	1.9538755034601378	0.9824384702191425	0.7331089312086959	0.662315748049088	0.27080755498728176	0.0	1.716347147241781	2.9608295095994195	1.748884494422905	0.0
15:30	1.9538755034601378	0.9824384702191425	0.7331089312086959	0.662315748049088	0.27080755498728176	0.0	1.716347147241781	2.9608295095994195	1.748884494422905	0.0
15:35	1.9538755034601378	0.9824384702191425	0.7331089312086959	0.662315748049088	0.27080755498728176	0.0	1.716347147241781	2.9608295095994195	1.748884494422905	0.0
15:40	1.9538755034601378	0.9824384702191425	0.7331089312086959	0.662315748049088	0.27080755498728176	0.0	1.716347147241781	2.9608295095994195	1.748884494422905	0.0
15:45	1.9538755034601378	0.9824384702191425	0.7331089312086959	0.662315748049088	0.27080755498728176	0.0	1.716347147241781	2.9608295095994195	1.748884494422905	0.0
15:50	1.9538755034601378	0.9824384702191425	0.7331089312086959	0.662315748049088	0.27080755498728176	0.0	1.716347147241781	2.9608295095994195	1.748884494422905	0.0
15:55	1.9538755034601378	0.9824384702191425	0.7331089312086959	0.662315748049088	0.27080755498728176	0.0	1.716347147241781	2.9608295095994195	1.748884494422905	0.0
16:00	1.9538755034601378	0.9824384702191425	0.7331089312086959	0.662315748049088	0.27080755498728176	0.0	1.716347147241781	2.9608295095994195	1.748884494422905	0.0
16:05	1.9538755034601378	0.9824384702191425	0.7331089312086959	0.662315748049088	0.27080755498728176	0.0	1.716347147241781	2.9608295095994195	1.748884494422905	0.0
16:10	1.9538755034601378	0.9824384702191425	0.7331089312086959	0.662315748049088	0.27080755498728176	0.0	1.716347147241781	2.9608295095994195	1.748884494422905	0.0
16:15	1.9538755034601378	0.9824384702191425	0.7331089312086959	0.662315748049088	0.27080755498728176	0.0	1.716347147241781	2.9608295095994195	1.748884494422905	0.0
16:20	1.9538755034601378	0.9824384702191425	0.7331089312086959	0.662315748049088	0.27080755498728176	0.0	1.716347147241781	2.9608295095994195	1.748884494422905	0.0
16:25	1.9538755034601378	0.9824384702191425	0.7331089312086959	0.662315748049088	0.27080755498728176	0.0	1.716347147241781	2.9608295095994195	1.748884494422905	0.0
16:30	1.9538755034601378	0.9824384702191425	0.7331089312086959	0.662315748049088	0.27080755498728176	0.0	1.716347147241781	2.9608295095994195	1.748884494422905	0.0
16:35	1.9538755034601378	0.9824384702191425	0.7331089312086959	0.662315748049088	0.27080755498728176	0.0	1.716347147241781	2.9608295095994195	1.748884494422905	0.0
16:40	1.9538755034601378	0.9824384702191425	0.7331089312086959	0.662315748049088	0.27080755498728176	0.0	1.716347147241781	2.9608295095994195	1.748884494422905	0.0
16:45	1.9538755034601378	0.9824384702191425	0.7331089312086959	0.662315748049088	0.27080755498728176	0.0	1.716347147241781	2.9608295095994195	1.748884494422905	0.0
16:50	1.9538755034601378	0.9824384702191425	0.7331089312086959	0.662315748049088	0.27080755498728176	0.0	1.716347147241781	2.9608295095994195	1.748884494422905	0.0
16:55	1.9538755034601378	0.9824384702191425	0.7331089312086959	0.662315748049088	0.27080755498728176	0.0	1.716347147241781	2.9608295095994195	1.748884494422905	0.0
17:00	1.9538755034601378	0.9824384702191425	0.7331089312086959	0.662315748049088	0.27080755498728176	0.0	1.716347147241781	2.9608295095994195	1.748884494422905	0.0
17:05	1.9538755034601378	0.9824384702191425	0.7331089312086959	0.662315748049088	0.27080755498728176	0.0	1.716347147241781	2.9608295095994195	1.748884494422905	0.0
17:10	1.9538755034601378	0.9824384702191425	0.7331089312086959	0.662315748049088	0.27080755498728176	0.0	1.716347147241781	2.9608295095994195	1.748884494422905	0.0
17:15	1.9538755034601378	0.9824384702191425	0.7331089312086959	0.662315748049088	0.27080755498728176	0.0	1.716347147241781	2.9608295095994195	1.748884494422905	0.0
17:20	1.9538755034601378	0.9824384702191425	0.7331089312086959	0.662315748049088	0.27080755498728176	0.0	1.716347147241781	2.9608295095994195	1.748884494422905	0.0
17:25	1.9538755034601378	0.9824384702191425	0.7331089312086959	0.662315748049088	0.27080755498728176	0.0	1.716347147241781	2.9608295095994195	1.748884494422905	0.0
17:30	1.9538755034601378	0.9824384702191425	0.7331089312086959	0.662315748049088	0.27080755498728176	0.0	1.716347147241781	2.9608295095994195	1.748884494422905	0.0
17:35	1.9538755034601378	0.9824384702191425	0.7331089312086959	0.662315748049088	0.27080755498728176	0.0	1.716347147241781	2.9608295095994195	1.748884494422905	0.0
17:40	1.9538755034601378	0.9824384702191425	0.7331089312086959	0.662315748049088	0.27080755498728176	0.0	1.716347147241781	2.9608295095994195	1.748884494422905	0.0
17:45	1.9538755034601378	0.9824384702191425	0.7331089312086959	0.662315748049088	0.27080755498728176	0.0	1.716347147241781	2.9608295095994195	1.748884494422905	0.0
17:50	1.9538755034601378	0.9824384702191425	0.7331089312086959	0.662315748049088	0.27080755498728176	0.0	1.716347147241781	2.9608295095994195	1.748884494422905	0.0
17:55	1.9538755034601378	0.9824384702191425	0.7331089312086959	0.662315748049088	0.27080755498728176	0.0	1.716347147241781	2.9608295095994195	1.748884494422905	0.0
18:00	1.9538755034601378	0.9824384702191425	0.7331089312086959	0.662315748049088	0.27080755498728176	0.0	1.716347147241781	2.9608295095994195	1.748884494422905	0.0
18:05	1.0429022694249361	0.09627196512594842	0.0	0.0	0.0	0.0	0.5943183070627939	2.032015957909766	1.029459702519898	0.0
18:10	0.0	0.030447707912941133	0.0	0.0	0.0	0.0	0.0	2.032015957909766	0.17155090864469466	0.0
