time	1	2	3	4	5	6	7	8	9	10
00:00	4.9027781877810455	5.0	1.660683952573483	2.214041511880304	5.0	3.848126822083526	5.0	5.0	2.654154729463104	5.0
00:05	4.9027781877810455	5.0	1.660683952573483	2.214041511880304	5.0	3.848126822083526	5.0	5.0	2.654154729463104	5.0
00:10	4.9027781877810455	5.0	1.660683952573483	2.214041511880304	5.0	3.848126822083526	5.0	5.0	2.654154729463104	5.0
00:15	4.9027781877810455	5.0	1.660683952573483	2.214041511880304	5.0	3.848126822083526	5.0	5.0	2.654154729463104	5.0
00:20	4.9027781877810455	5.0	1.660683952573483	2.214041511880304	5.0	3.848126822083526	5.0	5.0	2.654154729463104	5.0
00:25	4.9027781877810455	5.0	1.660683952573483	2.214041511880304	5.0	3.848126822083526	5.0	5.0	2.654154729463104	5.0
00:30	4.9027781877810455	5.0	1.660683952573483	2.214041511880304	5.0	3.848126822083526	5.0	5.0	2.654154729463104	5.0
00:35	4.9027781877810455	5.0	1.660683952573483	2.214041511880304	5.0	3.848126822083526	5.0	5.0	2.654154729463104	5.0
00:40	4.9027781877810455	5.0	1.660683952573483	2.214041511880304	5.0	3.848126822083526	5.0	5.0	2.654154729463104	5.0
00:45	4.9027781877810455	5.0	1.660683952573483	2.214041511880304	5.0	3.848126822083526	5.0	5.0	2.654154729463104	5.0
00:50	4.9027781877810455	5.0	1.660683952573483	2.214041511880304	5.0	3.848126822083526	5.0	5.0	2.654154729463104	5.0
00:55	4.9027781877810455	5.0	1.660683952573483	2.214041511880304	5.0	3.848126822083526	5.0	5.0	2.654154729463104	5.0
01:00	4.9027781877810455	5.0	1.660683952573483	2.214041511880304	5.0	3.848126822083526	5.0	5.0	2.654154729463104	5.0
01:05	4.9027781877810455	5.0	1.660683952573483	2.214041511880304	5.0	3.848126822083526	5.0	5.0	2.654154729463104	5.0
01:10	4.9027781877810455	5.0	1.660683952573483	2.214041511880304	5.0	3.848126822083526	5.0	5.0	2.654154729463104	5.0
01:15	4.9027781877810455	5.0	1.660683952573483	2.214041511880304	5.0	3.848126822083526	5.0	5.0	2.654154729463104	5.0
01:20	4.9027781877810455	5.0	1.660683952573483	2.214041511880304	5.0	3.848126822083526	5.0	5.0	2.654154729463104	5.0
01:25	4.9027781877810455	5.0	1.660683952573483	2.214041511880304	5.0	3.848126822083526	5.0	5.0	2.654154729463104	5.0
01:30	4.9027781877810455	5.0	1.660683952573483	2.214041511880304	5.0	3.848126822083526	5.0	5.0	2.654154729463104	5.0
01:35	4.9027781877810455	5.0	1.660683952573483	2.214041511880304	5.0	3.848126822083526	5.0	5.0	2.654154729463104	5.0
01:40	4.9027781877810455	5.0	1.660683952573483	2.214041511880304	5.0	3.848126822083526	5.0	5.0	2.654154729463104	5.0
01:45	4.9027781877810455	5.0	1.660683952573483	2.214041511880304	5.0	3.848126822083526	5.0	5.0	2.654154729463104	5.0
01:50	4.9027781877810455	5.0	1.660683952573483	2.214041511880304	5.0	3.848126822083526	5.0	5.0	2.654154729463104	5.0
01:55	4.9027781877810455	5.0	1.660683952573483	2.214041511880304	5.0	3.848126822083526	5.0	5.0	2.654154729463104	5.0
02:00	4.9027781877810455	5.0	1.660683952573483	2.214041511880304	5.0	3.848126822083526	5.0	5.0	2.654154729463104	5.0
02:05	4.9027781877810455	5.0	1.660683952573483	2.214041511880304	5.0	3.848126822083526	5.0	5.0	2.654154729463104	5.0
02:10	4.9027781877810455	5.0	1.660683952573483	2.214041511880304	5.0	3.848126822083526	5.0	5.0	2.654154729463104	5.0
02:15	4.9027781877810455	5.0	1.660683952573483	2.214041511880304	5.0	3.848126822083526	5.0	5.0	2.654154729463104	5.0
02:20	4.9027781877810455	5.0	1.660683952573483	2.214041511880304	5.0	3.848126822083526	5.0	5.0	2.654154729463104	5.0
02:25	4.9027781877810455	5.0	1.660683952573483	2.214041511880304	5.0	3.848126822083526	5.0	5.0	2.654154729463104	5.0
02:30	4.9027781877810455	5.0	1.660683952573483	2.214041511880304	5.0	3.848126822083526	5.0	5.0	2.654154729463104	5.0
02:35	4.9027781877810455	5.0	1.660683952573483	2.214041511880304	5.0	3.848126822083526	5.0	5.0	2.654154729463104	5.0
02:40	4.9027781877810455	5.0	1.660683952573483	2.214041511880304	5.0	3.848126822083526	5.0	5.0	2.654154729463104	5.0
02:45	4.9027781877810455	5.0	1.660683952573483	2.214041511880304	5.0	3.848126822083526	5.0	5.0	2.654154729463104	5.0
02:50	4.9027781877810455	5.0	1.660683952573483	2.214041511880304	5.0	3.848126822083526	5.0	5.0	2.654154729463104	5.0
02:55	4.9027781877810455	5.0	1.660683952573483	2.214041511880304	5.0	3.848126822083526	5.0	5.0	2.654154729463104	5.0
03:00	4.9027781877810455	5.0	1.660683952573483	2.214041511880304	5.0	3.848126822083526	5.0	5.0	2.654154729463104	5.0
03:05	4.9027781877810455	5.0	1.660683952573483	2.214041511880304	5.0	3.848126822083526	5.0	5.0	2.654154729463104	5.0
03:10	4.9027781877810455	5.0	1.660683952573483	2.214041511880304	5.0	3.848126822083526	5.0	5.0	2.654154729463104	5.0
03:15	4.9027781877810455	5.0	1.660683952573483	2.214041511880304	5.0	3.848126822083526	5.0	5.0	2.654154729463104	5.0
03:20	4.9027781877810455	5.0	1.660683952573483	2.214041511880304	5.0	3.848126822083526	5.0	5.0	2.654154729463104	5.0
03:25	4.9027781877810455	5.0	1.660683952573483	2.214041511880304	5.0	3.848126822083526	5.0	5.0	2.654154729463104	5.0
03:30	4.9027781877810455	5.0	1.660683952573483	2.214041511880304	5.0	3.848126822083526	5.0	5.0	2.654154729463104	5.0
03:35	4.9027781877810455	5.0	1.660683952573483	2.214041511880304	5.0	3.848126822083526	5.0	5.0	2.654154729463104	5.0
03:40	4.9027781877810455	5.0	1.660683952573483	2.214041511880304	5.0	3.848126822083526	5.0	5.0	2.654154729463104	5.0
03:45	4.9027781877810455	5.0	1.660683952573483	2.214041511880304	5.0	3.848126822083526	5.0	5.0	2.654154729463104	5.0
03:50	4.9027781877810455	5.0	1.660683952573483	2.214041511880304	5.0	3.848126822083526	5.0	5.0	2.654154729463104	5.0
03:55	4.9027781877810455	5.0	1.660683952573483	2.214041511880304	5.0	3.848126822083526	5.0	5.0	2.654154729463104	5.0
04:00	4.9027781877810455	5.0	1.660683952573483	2.214041511880304	5.0	3.848126822083526	5.0	5.0	2.654154729463104	5.0
04:05	4.9027781877810455	5.0	1.660683952573483	2.214041511880304	5.0	3.848126822083526	5.0	5.0	2.654154729463104	5.0
04:10	4.9027781877810455	5.0	1.660683952573483	2.214041511880304	5.0	3.848126822083526	5.0	5.0	2.654154729463104	5.0
04:15	4.9027781877810455	5.0	1.660683952573483	2.214041511880304	5.0	3.848126822083526	5.0	5.0	2.654154729463104	5.0
04:20	4.9027781877810455	5.0	1.660683952573483	2.214041511880304	5.0	3.848126822083526	5.0	5.0	2.654154729463104	5.0
04:25	4.9027781877810455	5.0	1.660683952573483	2.214041511880304	5.0	3.848126822083526	5.0	5.0	2.654154729463104	5.0
04:30	4.9027781877810455	5.0	1.660683952573483	2.214041511880304	5.0	3.848126822083526	5.0	5.0	2.654154729463104	5.0
04:35	4.9027781877810455	5.0	1.660683952573483	2.214041511880304	5.0	3.848126822083526	5.0	5.0	2.654154729463104	5.0
04:40	4.9027781877810455	5.0	1.660683952573483	2.214041511880304	5.0	3.848126822083526	5.0	5.0	2.654154729463104	5.0
04:45	4.9027781877810455	5.0	1.660683952573483	2.214041511880304	5.0	3.848126822083526	5.0	5.0	2.654154729463104	5.0
04:50	4.9027781877810455	5.0	1.660683952573483	2.214041511880304	5.0	3.848126822083526	5.0	5.0	2.654154729463104	5.0
04:55	4.9027781877810455	5.0	1.660683952573483	2.214041511880304	5.0	3.848126822083526	5.0	5.0	2.654154729463104	5.0
05:00	4.9027781877810455	5.0	1.660683952573483	2.214041511880304	5.0	3.848126822083526	5.0	5.0	2.654154729463104	5.0
05:05	4.9027781877810455	5.0	1.660683952573483	2.214041511880304	5.0	3.848126822083526	5.0	5.0	2.654154729463104	5.0
05:10	4.9027781877810455	5.0	1.660683952573483	2.214041511880304	5.0	3.848126822083526	5.0	5.0	2.654154729463104	5.0
05:15	4.9027781877810455	5.0	1.660683952573483	2.214041511880304	5.0	3.848126822083526	5.0	5.0	2.654154729463104	5.0
05:20	4.9027781877810455	5.0	1.660683952573483	2.214041511880304	5.0	3.848126822083526	5.0	5.0	2.654154729463104	5.0
05:25	4.9027781877810455	5.0	1.660683952573483	2.214041511880304	5.0	3.848126822083526	5.0	5.0	2.654154729463104	5.0
05:30	4.9027781877810455	5.0	1.660683952573483	2.214041511880304	5.0	3.848126822083526	5.0	5.0	2.654154729463104	5.0
05:35	4.9027781877810455	5.0	1.660683952573483	2.214041511880304	5.0	3.848126822083526	5.0	5.0	2.654154729463104	5.0
05:40	4.9027781877810455	5.0	1.660683952573483	2.214041511880304	5.0	3.848126822083526	5.0	5.0	2.654154729463104	5.0
05:45	4.9027781877810455	5.0	1.660683952573483	2.214041511880304	5.0	3.848126822083526	5.0	5.0	2.654154729463104	5.0
05:50	4.9027781877810455	5.0	1.660683952573483	2.214041511880304	5.0	3.848126822083526	5.0	5.0	2.654154729463104	5.0
05:55	4.9027781877810455	5.0	1.660683952573483	2.214041511880304	5.0	3.848126822083526	5.0	5.0	2.654154729463104	5.0
06:00	4.9027781877810455	5.0	1.660683952573483	2.214041511880304	5.0	3.848126822083526	5.0	5.0	2.654154729463104	5.0
06:05	4.9027781877810455	5.0	1.660683952573483	2.214041511880304	5.0	3.848126822083526	5.0	5.0	2.654154729463104	5.0
06:10	4.9027781877810455	5.0	1.660683952573483	2.214041511880304	5.0	3.848126822083526	5.0	5.0	2.654154729463104	5.0
06:15	4.9027781877810455	5.0	1.660683952573483	2.214041511880304	5.0	3.848126822083526	5.0	5.0	2.654154729463104	5.0
06:20	4.9027781877810455	5.0	1.660683952573483	2.214041511880304	5.0	3.848126822083526	5.0	5.0	2.654154729463104	5.0
06:25	4.9027781877810455	5.0	1.660683952573483	2.214041511880304	5.0	3.848126822083526	5.0	5.0	2.654154729463104	5.0
06:30	4.9027781877810455	5.0	1.660683952573483	2.214041511880304	5.0	3.848126822083526	5.0	5.0	2.654154729463104	5.0
06:35	4.9027781877810455	5.0	1.660683952573483	2.214041511880304	5.0	3.848126822083526	5.0	5.0	2.654154729463104	5.0
06:40	4.9027781877810455	5.0	1.660683952573483	2.214041511880304	5.0	3.848126822083526	5.0	5.0	2.654154729463104	5.0
06:45	4.9027781877810455	5.0	1.660683952573483	2.214041511880304	5.0	3.848126822083526	5.0	5.0	2.654154729463104	5.0
06:50	4.9027781877810455	5.0	1.660683952573483	2.214041511880304	5.0	3.848126822083526	5.0	5.0	2.654154729463104	5.0
06:55	4.9027781877810455	5.0	1.660683952573483	2.214041511880304	5.0	3.848126822083526	5.0	5.0	2.654154729463104	5.0
07:00	4.9027781877810455	5.0	1.660683952573483	2.214041511880304	5.0	3.848126822083526	5.0	5.0	2.654154729463104	5.0
07:05	4.9027781877810455	5.0	1.660683952573483	2.214041511880304	5.0	3.848126822083526	5.0	5.0	2.654154729463104	5.0
07:10	4.9027781877810455	5.0	1.660683952573483	2.214041511880304	5.0	3.848126822083526	5.0	5.0	2.654154729463104	5.0
07:15	4.9027781877810455	5.0	1.660683952573483	2.214041511880304	5.0	3.848126822083526	5.0	5.0	2.654154729463104	5.0
07:20	4.9027781877810455	5.0	1.660683952573483	2.214041511880304	5.0	3.848126822083526	5.0	5.0	2.654154729463104	5.0
07:25	4.9027781877810455	5.0	1.660683952573483	2.214041511880304	5.0	3.848126822083526	5.0	5.0	2.654154729463104	5.0
07:30	4.9027781877810455	5.0	1.660683952573483	2.214041511880304	5.0	3.848126822083526	5.0	5.0	2.654154729463104	5.0
07:35	4.9027781877810455	5.0	1.660683952573483	2.214041511880304	5.0	3.848126822083526	5.0	5.0	2.654154729463104	5.0
07:40	4.9027781877810455	5.0	1.660683952573483	2.214041511880304	5.0	3.848126822083526	5.0	5.0	2.654154729463104	5.0
07:45	4.9027781877810455	5.0	1.660683952573483	2.214041511880304	5.0	3.848126822083526	5.0	5.0	2.654154729463104	5.0
07:50	4.9027781877810455	5.0	1.660683952573483	2.214041511880304	5.0	3.848126822083526	5.0	5.0	2.654154729463104	5.0
07:55	4.9027781877810455	5.0	1.660683952573483	2.214041511880304	5.0	3.848126822083526	5.0	5.0	2.654154729463104	5.0
08:00	4.9027781877810455	5.0	1.660683952573483	2.214041511880304	5.0	3.848126822083526	5.0	5.0	2.654154729463104	5.0
08:05	4.9027781877810455	5.0	1.660683952573483	2.214041511880304	5.0	3.848126822083526	5.0	5.0	2.654154729463104	5.0
08:10	4.9027781877810455	5.0	1.660683952573483	2.214041511880304	5.0	3.848126822083526	5.0	5.0	2.654154729463104	5.0
08:15	4.9027781877810455	5.0	1.660683952573483	2.214041511880304	5.0	3.848126822083526	5.0	5.0	2.654154729463104	5.0
08:20	4.9027781877810455	5.0	1.660683952573483	2.214041511880304	5.0	3.848126822083526	5.0	5.0	2.654154729463104	5.0
08:25	4.9027781877810455	5.0	1.660683952573483	2.214041511880304	5.0	3.848126822083526	5.0	5.0	2.654154729463104	5.0
08:30	4.9027781877810455	5.0	1.660683952573483	2.214041511880304	5.0	3.848126822083526	5.0	5.0	2.654154729463104	5.0
08:35	4.9027781877810455	5.0	1.660683952573483	2.214041511880304	5.0	3.848126822083526	5.0	5.0	2.654154729463104	5.0
08:40	4.9027781877810455	5.0	1.660683952573483	2.214041511880304	5.0	3.848126822083526	5.0	5.0	2.654154729463104	5.0
08:45	4.9027781877810455	5.0	1.660683952573483	2.214041511880304	5.0	3.848126822083526	5.0	5.0	2.654154729463104	5.0
08:50	4.9027781877810455	5.0	1.660683952573483	2.214041511880304	5.0	3.848126822083526	5.0	5.0	2.654154729463104	5.0
08:55	4.9027781877810455	5.0	1.660683952573483	2.214041511880304	5.0	3.848126822083526	5.0	5.0	2.654154729463104	5.0
09:00	4.9027781877810455	5.0	1.660683952573483	2.214041511880304	5.0	3.848126822083526	5.0	5.0	2.654154729463104	5.0
09:05	4.134616130621013	5.0	1.653980254953458	1.3217358223818902	4.339082350263041	2.8485012980811315	4.322297238807789	5.0	1.891079567448116	4.952505445227375
09:10	3.5524799009756336	5.0	2.0706469216201246	0.8171913652491193	3.996229060986273	2.686978702339009	3.9890071195735266	5.0	1.2584805788276578	4.952505445227375
09:15	3.5524799009756336	5.0	2.4873135882867916	0.8171913652491193	4.4128957276529395	3.1036453690056756	4.405673786240193	5.0	1.2584805788276578	4.952505445227375
09:20	3.5524799009756336	5.0	2.903980254953458	0.8171913652491193	4.829562394319606	3.5203120356723425	4.82234045290686	5.0	1.2584805788276578	4.952505445227375
09:25	3.5524799009756336	5.0	3.3206469216201246	0.8171913652491193	5.0	3.936978702339009	5.0	5.0	1.2584805788276578	4.952505445227375
09:30	3.5524799009756336	5.0	3.7373135882867916	0.8171913652491193	5.0	4.353645369005676	5.0	5.0	1.2584805788276578	4.952505445227375
09:35	3.5524799009756336	5.0	4.153980254953458	0.8171913652491193	5.0	4.770312035672342	5.0	5.0	1.2584805788276578	4.952505445227375
09:40	3.5524799009756336	5.0	4.570646921620125	0.8171913652491193	5.0	5.0	5.0	5.0	1.2584805788276578	4.952505445227375
09:45	3.5524799009756336	5.0	4.987313588286791	0.8171913652491193	5.0	5.0	5.0	5.0	1.2584805788276578	4.952505445227375
09:50	3.5524799009756336	5.0	5.0	0.8171913652491193	5.0	5.0	5.0	5.0	1.2584805788276578	4.952505445227375
09:55	3.5524799009756336	5.0	5.0	0.8171913652491193	5.0	5.0	5.0	5.0	1.2584805788276578	4.952505445227375
10:00	3.5524799009756336	5.0	5.0	0.8171913652491193	5.0	5.0	5.0	5.0	1.2584805788276578	4.952505445227375
10:05	3.5524799009756336	5.0	5.0	0.8171913652491193	5.0	5.0	5.0	5.0	1.2584805788276578	4.952505445227375
10:10	3.5524799009756336	5.0	5.0	0.8171913652491193	5.0	5.0	5.0	5.0	1.2584805788276578	4.952505445227375
10:15	3.5524799009756336	5.0	5.0	0.8171913652491193	5.0	5.0	5.0	5.0	1.2584805788276578	4.952505445227375
10:20	3.5524799009756336	5.0	5.0	0.8171913652491193	5.0	5.0	5.0	5.0	1.2584805788276578	4.952505445227375
10:25	3.5524799009756336	5.0	5.0	0.8171913652491193	5.0	5.0	5.0	5.0	1.2584805788276578	4.952505445227375
10:30	3.5524799009756336	5.0	5.0	0.8171913652491193	5.0	5.0	5.0	5.0	1.2584805788276578	4.952505445227375
10:35	3.5524799009756336	5.0	4.421912008277572	0.8171913652491193	5.0	5.0	5.0	5.0	1.2584805788276578	4.952505445227375
10:40	3.5524799009756336	5.0	4.190791447876699	0.8171913652491193	4.856308169288999	4.877725178183909	5.0	5.0	1.2584805788276578	4.952505445227375
10:45	3.5524799009756336	5.0	4.607458114543365	0.8171913652491193	4.796665465796534	4.877725178183909	5.0	5.0	1.2584805788276578	4.952505445227375
10:50	3.5524799009756336	5.0	5.0	0.8171913652491193	5.0	4.877725178183909	5.0	5.0	1.2584805788276578	4.952505445227375
10:55	3.5524799009756336	5.0	5.0	0.8171913652491193	5.0	4.877725178183909	5.0	5.0	1.2584805788276578	4.952505445227375
11:00	3.5524799009756336	5.0	5.0	0.8171913652491193	5.0	4.877725178183909	5.0	5.0	1.2584805788276578	4.952505445227375
11:05	3.5524799009756336	5.0	5.0	0.8171913652491193	5.0	4.877725178183909	5.0	5.0	1.2584805788276578	4.952505445227375
11:10	3.5524799009756336	5.0	5.0	0.8171913652491193	5.0	4.877725178183909	5.0	5.0	1.2584805788276578	4.952505445227375
11:15	3.5524799009756336	5.0	5.0	0.8171913652491193	5.0	4.877725178183909	5.0	5.0	1.2584805788276578	4.952505445227375
11:20	3.5524799009756336	5.0	5.0	0.8171913652491193	5.0	4.877725178183909	5.0	5.0	1.2584805788276578	4.952505445227375
11:25	3.5524799009756336	5.0	5.0	0.8171913652491193	5.0	4.877725178183909	5.0	5.0	1.2584805788276578	4.952505445227375
11:30	3.5524799009756336	5.0	5.0	0.8171913652491193	5.0	4.877725178183909	5.0	5.0	1.2584805788276578	4.952505445227375
11:35	3.5524799009756336	5.0	5.0	0.8171913652491193	5.0	4.877725178183909	5.0	5.0	1.2584805788276578	4.952505445227375
11:40	3.5524799009756336	5.0	5.0	0.8171913652491193	5.0	4.877725178183909	5.0	5.0	1.2584805788276578	4.952505445227375
11:45	3.5524799009756336	5.0	5.0	0.8171913652491193	5.0	4.877725178183909	5.0	5.0	1.2584805788276578	4.952505445227375
11:50	3.5524799009756336	5.0	5.0	0.8171913652491193	5.0	4.877725178183909	5.0	5.0	1.2584805788276578	4.952505445227375
11:55	3.5524799009756336	5.0	5.0	0.8171913652491193	5.0	4.877725178183909	5.0	5.0	1.2584805788276578	4.952505445227375
12:00	3.5524799009756336	5.0	5.0	0.8171913652491193	5.0	4.877725178183909	5.0	5.0	1.2584805788276578	4.952505445227375
12:05	3.5524799009756336	5.0	5.0	0.8171913652491193	5.0	4.877725178183909	5.0	5.0	1.2584805788276578	4.952505445227375
12:10	3.5524799009756336	5.0	5.0	0.8171913652491193	5.0	4.877725178183909	5.0	5.0	1.2584805788276578	4.952505445227375
12:15	3.5524799009756336	5.0	5.0	0.8171913652491193	4.9117466483148196	4.877725178183909	5.0	5.0	1.2584805788276578	4.952505445227375
12:20	3.5524799009756336	5.0	5.0	0.8171913652491193	5.0	4.877725178183909	5.0	5.0	1.2584805788276578	4.952505445227375
12:25	3.5524799009756336	5.0	5.0	0.8171913652491193	5.0	4.877725178183909	5.0	5.0	1.2584805788276578	4.952505445227375
12:30	3.5524799009756336	5.0	5.0	0.8171913652491193	5.0	4.877725178183909	5.0	5.0	1.2584805788276578	4.952505445227375
12:35	3.5524799009756336	5.0	5.0	0.8171913652491193	5.0	4.877725178183909	5.0	5.0	1.2584805788276578	4.952505445227375
12:40	3.5524799009756336	5.0	5.0	0.8171913652491193	5.0	4.877725178183909	5.0	5.0	1.2584805788276578	4.952505445227375
12:45	3.5524799009756336	5.0	5.0	0.8171913652491193	5.0	4.877725178183909	5.0	5.0	1.2584805788276578	4.952505445227375
12:50	3.5524799009756336	5.0	5.0	0.8171913652491193	5.0	4.877725178183909	5.0	5.0	1.2584805788276578	4.952505445227375
12:55	3.5524799009756336	5.0	5.0	0.8171913652491193	5.0	4.877725178183909	5.0	5.0	1.2584805788276578	4.952505445227375
13:00	3.5524799009756336	5.0	5.0	0.8171913652491193	5.0	4.877725178183909	5.0	5.0	1.2584805788276578	4.952505445227375
13:05	3.5524799009756336	5.0	5.0	0.8171913652491193	5.0	4.877725178183909	5.0	5.0	1.2584805788276578	4.952505445227375
13:10	3.5524799009756336	5.0	5.0	0.8171913652491193	5.0	4.877725178183909	5.0	5.0	1.2584805788276578	4.952505445227375
13:15	3.5524799009756336	5.0	5.0	0.8171913652491193	5.0	4.877725178183909	5.0	5.0	1.2584805788276578	4.952505445227375
13:20	3.5524799009756336	5.0	5.0	0.8171913652491193	5.0	4.877725178183909	5.0	5.0	1.2584805788276578	4.952505445227375
13:25	3.5524799009756336	5.0	5.0	0.8171913652491193	5.0	4.877725178183909	5.0	5.0	1.2584805788276578	4.952505445227375
13:30	3.5524799009756336	5.0	5.0	0.8171913652491193	5.0	4.877725178183909	5.0	5.0	1.2584805788276578	4.952505445227375
13:35	3.5524799009756336	5.0	5.0	0.8171913652491193	5.0	4.877725178183909	5.0	5.0	1.2584805788276578	4.952505445227375
13:40	3.5524799009756336	5.0	4.680894417616897	0.8171913652491193	5.0	4.877725178183909	5.0	5.0	1.2584805788276578	4.952505445227375
13:45	3.5524799009756336	5.0	5.0	0.8171913652491193	4.789341547131022	4.877725178183909	5.0	5.0	1.2584805788276578	4.952505445227375
13:50	3.5524799009756336	5.0	5.0	0.8171913652491193	3.860026532053551	4.877725178183909	5.0	5.0	1.2584805788276578	4.952505445227375
13:55	3.5524799009756336	5.0	5.0	0.8171913652491193	4.276693198720218	4.877725178183909	5.0	5.0	1.2584805788276578	4.952505445227375
14:00	3.5524799009756336	5.0	5.0	0.8171913652491193	4.693359865386885	4.877725178183909	5.0	5.0	1.2584805788276578	4.952505445227375
14:05	3.5524799009756336	5.0	5.0	0.8171913652491193	5.0	4.877725178183909	5.0	5.0	1.2584805788276578	4.952505445227375
14:10	3.5524799009756336	5.0	5.0	0.8171913652491193	5.0	4.877725178183909	5.0	5.0	1.2584805788276578	4.952505445227375
14:15	3.5524799009756336	5.0	5.0	0.8171913652491193	5.0	4.877725178183909	5.0	5.0	1.2584805788276578	4.952505445227375
14:20	3.5524799009756336	5.0	5.0	0.8171913652491193	5.0	4.877725178183909	5.0	5.0	1.2584805788276578	4.952505445227375
14:25	3.5524799009756336	5.0	5.0	0.8171913652491193	5.0	4.877725178183909	5.0	5.0	1.2584805788276578	4.952505445227375
14:30	3.5524799009756336	5.0	5.0	0.8171913652491193	5.0	4.877725178183909	5.0	5.0	1.2584805788276578	4.952505445227375
14:35	3.5524799009756336	5.0	5.0	0.8171913652491193	5.0	4.877725178183909	5.0	5.0	1.2584805788276578	4.952505445227375
14:40	3.5524799009756336	5.0	5.0	0.8171913652491193	5.0	4.877725178183909	5.0	5.0	1.2584805788276578	4.952505445227375
14:45	3.5524799009756336	5.0	5.0	0.8171913652491193	5.0	4.877725178183909	5.0	5.0	1.2584805788276578	4.952505445227375
14:50	3.5524799009756336	5.0	5.0	0.8171913652491193	5.0	4.877725178183909	5.0	5.0	1.2584805788276578	4.952505445227375
14:55	3.5524799009756336	5.0	5.0	0.8171913652491193	5.0	4.877725178183909	5.0	5.0	1.2584805788276578	4.952505445227375
15:00	3.5524799009756336	5.0	5.0	0.8171913652491193	5.0	4.877725178183909	5.0	5.0	1.2584805788276578	4.952505445227375
15:05	3.5524799009756336	5.0	5.0	0.8171913652491193	5.0	4.877725178183909	5.0	5.0	1.2584805788276578	4.952505445227375
15:10	3.5524799009756336	5.0	5.0	0.8171913652491193	5.0	4.877725178183909	5.0	5.0	1.2584805788276578	4.952505445227375
15:15	3.5524799009756336	5.0	5.0	0.8171913652491193	5.0	4.877725178183909	5.0	5.0	1.2584805788276578	4.952505445227375
15:20	3.5524799009756336	5.0	5.0	0.8171913652491193	4.930626912157683	4.877725178183909	5.0	5.0	1.2584805788276578	4.952505445227375
15:25	3.5524799009756336	5.0	5.0	0.8171913652491193	4.064876364294947	4.877725178183909	5.0	5.0	1.2584805788276578	4.952505445227375
15:30	3.5524799009756336	5.0	5.0	0.8171913652491193	4.295255890832978	4.877725178183909	5.0	5.0	1.2584805788276578	4.952505445227375
15:35	3.5524799009756336	5.0	5.0	0.8171913652491193	4.711922557499645	4.877725178183909	5.0	5.0	1.2584805788276578	4.952505445227375
15:40	3.5524799009756336	5.0	5.0	0.8171913652491193	5.0	4.877725178183909	5.0	5.0	1.2584805788276578	4.952505445227375
15:45	3.5524799009756336	5.0	5.0	0.8171913652491193	5.0	4.877725178183909	5.0	5.0	1.2584805788276578	4.952505445227375
15:50	3.5524799009756336	5.0	5.0	0.8171913652491193	5.0	4.877725178183909	5.0	5.0	1.2584805788276578	4.952505445227375
15:55	3.5524799009756336	5.0	5.0	0.8171913652491193	5.0	4.877725178183909	5.0	5.0	1.2584805788276578	4.952505445227375
16:00	3.5524799009756336	5.0	5.0	0.8171913652491193	5.0	4.877725178183909	5.0	5.0	1.2584805788276578	4.952505445227375
16:05	3.5524799009756336	5.0	5.0	0.8171913652491193	5.0	4.877725178183909	5.0	5.0	1.2584805788276578	4.952505445227375
16:10	3.5524799009756336	5.0	5.0	0.8171913652491193	5.0	4.877725178183909	5.0	5.0	1.2584805788276578	4.952505445227375
16:15	3.5524799009756336	5.0	5.0	0.8171913652491193	5.0	4.877725178183909	5.0	5.0	1.2584805788276578	4.952505445227375
16:20	3.5524799009756336	5.0	5.0	0.8171913652491193	5.0	4.877725178183909	5.0	5.0	1.2584805788276578	4.952505445227375
16:25	3.5524799009756336	5.0	5.0	0.8171913652491193	5.0	4.877725178183909	5.0	5.0	1.2584805788276578	4.952505445227375
16:30	3.5524799009756336	5.0	5.0	0.8171913652491193	5.0	4.877725178183909	5.0	5.0	1.2584805788276578	4.952505445227375
16:35	3.5524799009756336	4.251393307870805	5.0	0.8171913652491193	5.0	4.877725178183909	5.0	5.0	1.2584805788276578	4.952505445227375
16:40	3.5524799009756336	3.3039872940504726	4.958162165247724	0.8171913652491193	5.0	4.877725178183909	5.0	5.0	1.2584805788276578	4.952505445227375
16:45	3.5524799009756336	3.250406167326272	5.0	0.8171913652491193	5.0	4.877725178183909	5.0	5.0	1.2584805788276578	4.952505445227375
16:50	3.5524799009756336	3.667072833992939	5.0	0.8171913652491193	5.0	4.877725178183909	5.0	5.0	1.2584805788276578	4.952505445227375
16:55	3.5524799009756336	4.083739500659606	5.0	0.8171913652491193	5.0	4.877725178183909	5.0	5.0	1.2584805788276578	4.952505445227375
17:00	3.5524799009756336	4.500406167326272	5.0	0.8171913652491193	4.146711700542288	4.877725178183909	5.0	5.0	1.2584805788276578	4.952505445227375
17:05	3.5524799009756336	4.917072833992938	5.0	0.8171913652491193	4.34946376651332	4.877725178183909	5.0	5.0	1.2584805788276578	4.952505445227375
17:10	3.5524799009756336	5.0	5.0	0.8171913652491193	4.7661304331799865	4.877725178183909	5.0	5.0	1.2584805788276578	4.952505445227375
17:15	3.5524799009756336	5.0	5.0	0.8171913652491193	5.0	4.877725178183909	5.0	5.0	1.2584805788276578	4.952505445227375
17:20	3.5524799009756336	5.0	5.0	0.8171913652491193	5.0	4.877725178183909	5.0	5.0	1.2584805788276578	4.952505445227375
17:25	3.5524799009756336	5.0	5.0	0.8171913652491193	5.0	4.877725178183909	5.0	5.0	1.2584805788276578	4.952505445227375
17:30	3.5524799009756336	5.0	5.0	0.8171913652491193	5.0	4.877725178183909	5.0	5.0	1.2584805788276578	4.952505445227375
17:35	3.5524799009756336	5.0	5.0	0.8171913652491193	5.0	4.877725178183909	5.0	5.0	1.2584805788276578	4.952505445227375
17:40	3.5524799009756336	5.0	5.0	0.8171913652491193	5.0	4.877725178183909	5.0	5.0	1.2584805788276578	4.952505445227375
17:45	3.5524799009756336	5.0	5.0	0.8171913652491193	5.0	4.877725178183909	5.0	5.0	1.2584805788276578	4.952505445227375
17:50	3.5524799009756336	5.0	5.0	0.8171913652491193	5.0	4.877725178183909	5.0	5.0	1.2584805788276578	4.952505445227375
17:55	3.5524799009756336	5.0	5.0	0.8171913652491193	5.0	4.877725178183909	5.0	5.0	1.2584805788276578	4.952505445227375
18:00	3.5524799009756336	5.0	5.0	0.8171913652491193	5.0	4.877725178183909	5.0	5.0	1.2584805788276578	4.952505445227375
18:05	2.5870694406079777	5.0	5.0	0.0	5.0	3.9045855703984036	5.0	5.0	0.30830945892619843	3.9043292189396968
18:10	2.5870694406079777	5.0	5.0	0.0	5.0	3.848126822083526	5.0	5.0	0.30830945892619843	3.112003513568837
18:15	2.5870694406079777	4.48432510388853	5.0	0.0	5.0	3.848126822083526	5.0	5.0	0.30830945892619843	3.112003513568837
18:20	2.5870694406079777	3.587756504956404	5.0	0.0	5.0	3.848126822083526	5.0	5.0	0.30830945892619843	3.112003513568837
18:25	2.5870694406079777	3.0990104959077676	5.0	0.0	5.0	3.848126822083526	5.0	5.0	0.30830945892619843	3.112003513568837
18:30	2.5870694406079777	3.5156771625744345	5.0	0.0	5.0	3.848126822083526	5.0	5.0	0.30830945892619843	3.112003513568837
18:35	2.5870694406079777	3.932343829241101	5.0	0.0	5.0	3.848126822083526	5.0	5.0	0.30830945892619843	3.112003513568837
18:40	2.5870694406079777	4.349010495907768	5.0	0.0	5.0	3.848126822083526	5.0	5.0	0.30830945892619843	3.112003513568837
18:45	2.5870694406079777	4.765677162574434	5.0	0.0	5.0	3.848126822083526	5.0	5.0	0.30830945892619843	3.112003513568837
18:50	2.5870694406079777	5.0	5.0	0.0	5.0	3.848126822083526	5.0	5.0	0.30830945892619843	3.112003513568837
18:55	2.5870694406079777	5.0	5.0	0.0	5.0	3.848126822083526	5.0	5.0	0.30830945892619843	3.112003513568837
19:00	2.5870694406079777	5.0	5.0	0.0	5.0	3.848126822083526	5.0	5.0	0.30830945892619843	3.112003513568837
19:05	2.5870694406079777	5.0	5.0	0.0	5.0	3.848126822083526	5.0	5.0	0.30830945892619843	3.112003513568837
19:10	2.5870694406079777	5.0	5.0	0.0	5.0	3.848126822083526	5.0	5.0	0.30830945892619843	3.112003513568837
19:15	2.5870694406079777	5.0	5.0	0.0	5.0	3.848126822083526	5.0	5.0	0.30830945892619843	3.112003513568837
19:20	2.5870694406079777	5.0	5.0	0.0	5.0	3.848126822083526	5.0	5.0	0.30830945892619843	3.112003513568837
19:25	2.5870694406079777	5.0	5.0	0.0	5.0	3.848126822083526	5.0	5.0	0.30830945892619843	3.112003513568837
19:30	2.5870694406079777	5.0	5.0	0.0	5.0	3.848126822083526	5.0	5.0	0.30830945892619843	3.112003513568837
19:35	2.5870694406079777	5.0	5.0	0.0	5.0	3.848126822083526	5.0	5.0	0.30830945892619843	3.112003513568837
19:40	2.5870694406079777	5.0	5.0	0.0	5.0	3.848126822083526	5.0	5.0	0.30830945892619843	3.112003513568837
19:45	2.5870694406079777	5.0	4.723665849652051	0.0	5.0	3.848126822083526	5.0	5.0	0.30830945892619843	3.112003513568837
19:50	2.5870694406079777	5.0	5.0	0.0	5.0	3.848126822083526	5.0	5.0	0.30830945892619843	3.112003513568837
19:55	2.5870694406079777	4.760707004462803	5.0	0.0	5.0	3.848126822083526	5.0	5.0	0.30830945892619843	3.112003513568837
20:00	2.5870694406079777	3.941765719753363	5.0	0.0	5.0	3.848126822083526	5.0	5.0	0.30830945892619843	3.112003513568837
20:05	2.5870694406079777	2.9847986278785386	5.0	0.0	4.928048356713519	3.848126822083526	5.0	5.0	0.30830945892619843	3.112003513568837
20:10	2.5870694406079777	3.371285838980779	5.0	0.0	5.0	3.848126822083526	5.0	5.0	0.30830945892619843	3.112003513568837
20:15	2.5870694406079777	3.7879525056474455	5.0	0.0	5.0	3.848126822083526	5.0	5.0	0.30830945892619843	3.112003513568837
20:20	2.5870694406079777	4.204619172314112	5.0	0.0	5.0	3.848126822083526	5.0	5.0	0.30830945892619843	3.112003513568837
20:25	2.5870694406079777	4.6212858389807785	5.0	0.0	5.0	3.848126822083526	5.0	5.0	0.30830945892619843	3.112003513568837
20:30	2.5870694406079777	5.0	5.0	0.0	5.0	3.848126822083526	5.0	5.0	0.30830945892619843	3.112003513568837
20:35	2.5870694406079777	5.0	5.0	0.0	5.0	3.848126822083526	5.0	5.0	0.30830945892619843	3.112003513568837
20:40	2.5870694406079777	5.0	5.0	0.0	5.0	3.848126822083526	5.0	5.0	0.30830945892619843	3.112003513568837
20:45	2.5870694406079777	5.0	5.0	0.0	5.0	3.848126822083526	5.0	5.0	0.30830945892619843	3.112003513568837
20:50	2.5870694406079777	5.0	5.0	0.0	5.0	3.848126822083526	5.0	5.0	0.30830945892619843	3.112003513568837
20:55	2.5870694406079777	5.0	5.0	0.0	5.0	3.848126822083526	5.0	5.0	0.30830945892619843	3.112003513568837
21:00	2.5870694406079777	5.0	5.0	0.0	5.0	3.848126822083526	5.0	5.0	0.30830945892619843	3.112003513568837
21:05	2.5870694406079777	5.0	5.0	0.0	5.0	3.848126822083526	5.0	5.0	0.30830945892619843	3.112003513568837
21:10	2.5870694406079777	5.0	5.0	0.0	5.0	3.848126822083526	4.892370412797595	5.0	0.30830945892619843	3.112003513568837
21:15	2.5870694406079777	5.0	4.912818550861737	0.0	5.0	3.848126822083526	4.174526438026356	5.0	0.30830945892619843	3.112003513568837
21:20	2.5870694406079777	5.0	5.0	0.0	5.0	3.848126822083526	4.416341784058291	5.0	0.30830945892619843	3.112003513568837
21:25	2.5870694406079777	5.0	5.0	0.0	5.0	3.848126822083526	4.833008450724958	5.0	0.30830945892619843	3.112003513568837
21:30	2.5870694406079777	5.0	5.0	0.0	5.0	3.848126822083526	5.0	5.0	0.30830945892619843	3.112003513568837
21:35	2.5870694406079777	5.0	5.0	0.0	4.856703685078416	3.848126822083526	5.0	5.0	0.30830945892619843	3.112003513568837
21:40	2.5870694406079777	3.9497979349353884	5.0	0.0	5.0	3.848126822083526	5.0	5.0	0.30830945892619843	3.112003513568837
21:45	2.5870694406079777	2.9518084998098177	5.0	0.0	5.0	3.848126822083526	5.0	5.0	0.30830945892619843	3.112003513568837
21:50	2.5870694406079777	2.5321774301561293	5.0	0.0	5.0	3.848126822083526	5.0	5.0	0.30830945892619843	3.112003513568837
21:55	2.5870694406079777	2.9488440968227962	5.0	0.0	5.0	3.848126822083526	5.0	5.0	0.30830945892619843	3.112003513568837
22:00	2.5870694406079777	3.3655107634894628	5.0	0.0	5.0	3.848126822083526	5.0	5.0	0.30830945892619843	3.112003513568837
22:05	2.5870694406079777	3.7821774301561293	5.0	0.0	5.0	3.848126822083526	5.0	5.0	0.30830945892619843	3.112003513568837
22:10	2.5870694406079777	4.198844096822796	5.0	0.0	5.0	3.848126822083526	5.0	5.0	0.30830945892619843	3.112003513568837
22:15	2.5870694406079777	4.615510763489462	5.0	0.0	5.0	3.848126822083526	5.0	5.0	0.30830945892619843	3.112003513568837
22:20	2.5870694406079777	5.0	5.0	0.0	5.0	3.848126822083526	5.0	5.0	0.30830945892619843	3.112003513568837
22:25	2.5870694406079777	5.0	5.0	0.0	5.0	3.848126822083526	5.0	5.0	0.30830945892619843	3.112003513568837
22:30	2.5870694406079777	5.0	5.0	0.0	5.0	3.848126822083526	5.0	5.0	0.30830945892619843	3.112003513568837
22:35	2.5870694406079777	5.0	5.0	0.0	5.0	3.848126822083526	5.0	5.0	0.30830945892619843	3.112003513568837
22:40	2.5870694406079777	5.0	5.0	0.0	5.0	3.848126822083526	5.0	5.0	0.30830945892619843	3.112003513568837
22:45	2.5870694406079777	5.0	5.0	0.0	5.0	3.848126822083526	5.0	5.0	0.30830945892619843	3.112003513568837
22:50	2.5870694406079777	5.0	5.0	0.0	5.0	3.848126822083526	4.958740403160159	5.0	0.30830945892619843	3.112003513568837
22:55	2.5870694406079777	5.0	5.0	0.0	5.0	3.848126822083526	5.0	5.0	0.30830945892619843	3.112003513568837
23:00	2.5870694406079777	5.0	5.0	0.0	5.0	3.848126822083526	5.0	5.0	0.30830945892619843	3.112003513568837
23:05	2.5870694406079777	5.0	5.0	0.0	4.961062184338699	3.848126822083526	5.0	5.0	0.30830945892619843	3.112003513568837
23:10	2.5870694406079777	5.0	5.0	0.0	4.368641172962809	3.848126822083526	5.0	5.0	0.30830945892619843	3.112003513568837
23:15	2.5870694406079777	5.0	5.0	0.0	4.785307839629477	3.848126822083526	5.0	5.0	0.30830945892619843	3.112003513568837
23:20	2.5870694406079777	4.669434607835715	5.0	0.0	5.0	3.848126822083526	5.0	5.0	0.30830945892619843	3.112003513568837
23:25	2.5870694406079777	3.8000222015708247	5.0	0.0	5.0	3.848126822083526	5.0	5.0	0.30830945892619843	3.112003513568837
23:30	2.5870694406079777	2.7469665640175855	5.0	0.0	5.0	3.848126822083526	5.0	5.0	0.30830945892619843	3.112003513568837
23:35	2.5870694406079777	3.163633230684252	5.0	0.0	5.0	3.848126822083526	5.0	5.0	0.30830945892619843	3.112003513568837
23:40	2.5870694406079777	3.580299897350919	5.0	0.0	5.0	3.848126822083526	5.0	5.0	0.30830945892619843	3.112003513568837
23:45	2.5870694406079777	3.9969665640175855	5.0	0.0	5.0	3.848126822083526	5.0	5.0	0.30830945892619843	3.112003513568837
23:50	2.5870694406079777	4.413633230684252	5.0	0.0	5.0	3.848126822083526	5.0	5.0	0.30830945892619843	3.112003513568837
23:55	2.5870694406079777	4.830299897350919	5.0	0.0	5.0	3.848126822083526	5.0	5.0	0.30830945892619843	3.112003513568837
24:00	2.5870694406079777	5.0	5.0	0.0	5.0	3.848126822083526	5.0	5.0	0.30830945892619843	3.112003513568837
