time	1	2	3	4	5	6	7	8	9	10
00:00	4.9027781877810455	5.0	3.245740889655024	5.0	5.0	0.0	5.0	2.575890087324738	2.654154729463104	4.361283815385118
00:05	4.9027781877810455	5.0	3.245740889655024	5.0	5.0	0.0	5.0	2.575890087324738	2.654154729463104	4.361283815385118
00:10	4.9027781877810455	5.0	3.245740889655024	5.0	5.0	0.0	5.0	2.575890087324738	2.654154729463104	4.361283815385118
00:15	4.9027781877810455	5.0	3.245740889655024	5.0	5.0	0.0	5.0	2.575890087324738	2.654154729463104	4.361283815385118
00:20	4.9027781877810455	5.0	3.245740889655024	5.0	5.0	0.0	5.0	2.575890087324738	2.654154729463104	4.361283815385118
00:25	4.9027781877810455	5.0	3.245740889655024	5.0	5.0	0.0	5.0	2.575890087324738	2.654154729463104	4.361283815385118
00:30	4.9027781877810455	5.0	3.245740889655024	5.0	5.0	0.0	5.0	2.575890087324738	2.654154729463104	4.361283815385118
00:35	4.9027781877810455	5.0	3.245740889655024	5.0	5.0	0.0	5.0	2.575890087324738	2.654154729463104	4.361283815385118
00:40	4.9027781877810455	5.0	3.245740889655024	5.0	5.0	0.0	5.0	2.575890087324738	2.654154729463104	4.361283815385118
00:45	4.9027781877810455	5.0	3.245740889655024	5.0	5.0	0.0	5.0	2.575890087324738	2.654154729463104	4.361283815385118
00:50	4.9027781877810455	5.0	3.245740889655024	5.0	5.0	0.0	5.0	2.575890087324738	2.654154729463104	4.361283815385118
00:55	4.9027781877810455	5.0	3.245740889655024	5.0	5.0	0.0	5.0	2.575890087324738	2.654154729463104	4.361283815385118
01:00	4.9027781877810455	5.0	3.245740889655024	5.0	5.0	0.0	5.0	2.575890087324738	2.654154729463104	4.361283815385118
01:05	4.9027781877810455	5.0	3.245740889655024	5.0	5.0	0.0	5.0	2.575890087324738	2.654154729463104	4.361283815385118
01:10	4.9027781877810455	5.0	3.245740889655024	5.0	5.0	0.0	5.0	2.575890087324738	2.654154729463104	4.361283815385118
01:15	4.9027781877810455	5.0	3.245740889655024	5.0	5.0	0.0	5.0	2.575890087324738	2.654154729463104	4.361283815385118
01:20	4.9027781877810455	5.0	3.245740889655024	5.0	5.0	0.0	5.0	2.575890087324738	2.654154729463104	4.361283815385118
01:25	4.9027781877810455	5.0	3.245740889655024	5.0	5.0	0.0	5.0	2.575890087324738	2.654154729463104	4.361283815385118
01:30	4.9027781877810455	5.0	3.245740889655024	5.0	5.0	0.0	5.0	2.575890087324738	2.654154729463104	4.361283815385118
01:35	4.9027781877810455	5.0	3.245740889655024	5.0	5.0	0.0	5.0	2.575890087324738	2.654154729463104	4.361283815385118
01:40	4.9027781877810455	5.0	3.245740889655024	5.0	5.0	0.0	5.0	2.575890087324738	2.654154729463104	4.361283815385118
01:45	4.9027781877810455	5.0	3.245740889655024	5.0	5.0	0.0	5.0	2.575890087324738	2.654154729463104	4.361283815385118
01:50	4.9027781877810455	5.0	3.245740889655024	5.0	5.0	0.0	5.0	2.575890087324738	2.654154729463104	4.361283815385118
01:55	4.9027781877810455	5.0	3.245740889655024	5.0	5.0	0.0	5.0	2.575890087324738	2.654154729463104	4.361283815385118
02:00	4.9027781877810455	5.0	3.245740889655024	5.0	5.0	0.0	5.0	2.575890087324738	2.654154729463104	4.361283815385118
02:05	4.9027781877810455	5.0	3.245740889655024	5.0	5.0	0.0	5.0	2.575890087324738	2.654154729463104	4.361283815385118
02:10	4.9027781877810455	5.0	3.245740889655024	5.0	5.0	0.0	5.0	2.575890087324738	2.654154729463104	4.361283815385118
02:15	4.9027781877810455	5.0	3.245740889655024	5.0	5.0	0.0	5.0	2.575890087324738	2.654154729463104	4.361283815385118
02:20	4.9027781877810455	5.0	3.245740889655024	5.0	5.0	0.0	5.0	2.575890087324738	2.654154729463104	4.361283815385118
02:25	4.9027781877810455	5.0	3.245740889655024	5.0	5.0	0.0	5.0	2.575890087324738	2.654154729463104	4.361283815385118
02:30	4.9027781877810455	5.0	3.245740889655024	5.0	5.0	0.0	5.0	2.575890087324738	2.654154729463104	4.361283815385118
02:35	4.9027781877810455	5.0	3.245740889655024	5.0	5.0	0.0	5.0	2.575890087324738	2.654154729463104	4.361283815385118
02:40	4.9027781877810455	5.0	3.245740889655024	5.0	5.0	0.0	5.0	2.575890087324738	2.654154729463104	4.361283815385118
02:45	4.9027781877810455	5.0	3.245740889655024	5.0	5.0	0.0	5.0	2.575890087324738	2.654154729463104	4.361283815385118
02:50	4.9027781877810455	5.0	3.245740889655024	5.0	5.0	0.0	5.0	2.575890087324738	2.654154729463104	4.361283815385118
02:55	4.9027781877810455	5.0	3.245740889655024	5.0	5.0	0.0	5.0	2.575890087324738	2.654154729463104	4.361283815385118
03:00	4.9027781877810455	5.0	3.245740889655024	5.0	5.0	0.0	5.0	2.575890087324738	2.654154729463104	4.361283815385118
03:05	4.9027781877810455	5.0	3.245740889655024	5.0	5.0	0.0	5.0	2.575890087324738	2.654154729463104	4.361283815385118
03:10	4.9027781877810455	5.0	3.245740889655024	5.0	5.0	0.0	5.0	2.575890087324738	2.654154729463104	4.361283815385118
03:15	4.9027781877810455	5.0	3.245740889655024	5.0	5.0	0.0	5.0	2.575890087324738	2.654154729463104	4.361283815385118
03:20	4.9027781877810455	5.0	3.245740889655024	5.0	5.0	0.0	5.0	2.575890087324738	2.654154729463104	4.361283815385118
03:25	4.9027781877810455	5.0	3.245740889655024	5.0	5.0	0.0	5.0	2.575890087324738	2.654154729463104	4.361283815385118
03:30	4.9027781877810455	5.0	3.245740889655024	5.0	5.0	0.0	5.0	2.575890087324738	2.654154729463104	4.361283815385118
03:35	4.9027781877810455	5.0	3.245740889655024	5.0	5.0	0.0	5.0	2.575890087324738	2.654154729463104	4.361283815385118
03:40	4.9027781877810455	5.0	3.245740889655024	5.0	5.0	0.0	5.0	2.575890087324738	2.654154729463104	4.361283815385118
03:45	4.9027781877810455	5.0	3.245740889655024	5.0	5.0	0.0	5.0	2.575890087324738	2.654154729463104	4.361283815385118
03:50	4.9027781877810455	5.0	3.245740889655024	5.0	5.0	0.0	5.0	2.575890087324738	2.654154729463104	4.361283815385118
03:55	4.9027781877810455	5.0	3.245740889655024	5.0	5.0	0.0	5.0	2.575890087324738	2.654154729463104	4.361283815385118
04:00	4.9027781877810455	5.0	3.245740889655024	5.0	5.0	0.0	5.0	2.575890087324738	2.654154729463104	4.361283815385118
04:05	4.9027781877810455	5.0	3.245740889655024	5.0	5.0	0.0	5.0	2.575890087324738	2.654154729463104	4.361283815385118
04:10	4.9027781877810455	5.0	3.245740889655024	5.0	5.0	0.0	5.0	2.575890087324738	2.654154729463104	4.361283815385118
04:15	4.9027781877810455	5.0	3.245740889655024	5.0	5.0	0.0	5.0	2.575890087324738	2.654154729463104	4.361283815385118
04:20	4.9027781877810455	5.0	3.245740889655024	5.0	5.0	0.0	5.0	2.575890087324738	2.654154729463104	4.361283815385118
04:25	4.9027781877810455	5.0	3.245740889655024	5.0	5.0	0.0	5.0	2.575890087324738	2.654154729463104	4.361283815385118
04:30	4.9027781877810455	5.0	3.245740889655024	5.0	5.0	0.0	5.0	2.575890087324738	2.654154729463104	4.361283815385118
04:35	4.9027781877810455	5.0	3.245740889655024	5.0	5.0	0.0	5.0	2.575890087324738	2.654154729463104	4.361283815385118
04:40	4.9027781877810455	5.0	3.245740889655024	5.0	5.0	0.0	5.0	2.575890087324738	2.654154729463104	4.361283815385118
04:45	4.9027781877810455	5.0	3.245740889655024	5.0	5.0	0.0	5.0	2.575890087324738	2.654154729463104	4.361283815385118
04:50	4.9027781877810455	5.0	3.245740889655024	5.0	5.0	0.0	5.0	2.575890087324738	2.654154729463104	4.361283815385118
04:55	4.9027781877810455	5.0	3.245740889655024	5.0	5.0	0.0	5.0	2.575890087324738	2.654154729463104	4.361283815385118
05:00	4.9027781877810455	5.0	3.245740889655024	5.0	5.0	0.0	5.0	2.575890087324738	2.654154729463104	4.361283815385118
05:05	4.9027781877810455	5.0	3.245740889655024	5.0	5.0	0.0	5.0	2.575890087324738	2.654154729463104	4.361283815385118
05:10	4.9027781877810455	5.0	3.245740889655024	5.0	5.0	0.0	5.0	2.575890087324738	2.654154729463104	4.361283815385118
05:15	4.9027781877810455	5.0	3.245740889655024	5.0	5.0	0.0	5.0	2.575890087324738	2.654154729463104	4.361283815385118
05:20	4.9027781877810455	5.0	3.245740889655024	5.0	5.0	0.0	5.0	2.575890087324738	2.654154729463104	4.361283815385118
05:25	4.9027781877810455	5.0	3.245740889655024	5.0	5.0	0.0	5.0	2.575890087324738	2.654154729463104	4.361283815385118
05:30	4.9027781877810455	5.0	3.245740889655024	5.0	5.0	0.0	5.0	2.575890087324738	2.654154729463104	4.361283815385118
05:35	4.9027781877810455	5.0	3.245740889655024	5.0	5.0	0.0	5.0	2.575890087324738	2.654154729463104	4.361283815385118
05:40	4.9027781877810455	5.0	3.245740889655024	5.0	5.0	0.0	5.0	2.575890087324738	2.654154729463104	4.361283815385118
05:45	4.9027781877810455	5.0	3.245740889655024	5.0	5.0	0.0	5.0	2.575890087324738	2.654154729463104	4.361283815385118
05:50	4.9027781877810455	5.0	3.245740889655024	5.0	5.0	0.0	5.0	2.575890087324738	2.654154729463104	4.361283815385118
05:55	4.9027781877810455	5.0	3.245740889655024	5.0	5.0	0.0	5.0	2.575890087324738	2.654154729463104	4.361283815385118
06:00	4.9027781877810455	5.0	3.245740889655024	5.0	5.0	0.0	5.0	2.575890087324738	2.654154729463104	4.361283815385118
06:05	4.9027781877810455	5.0	3.245740889655024	5.0	5.0	0.0	5.0	2.575890087324738	2.654154729463104	4.361283815385118
06:10	4.9027781877810455	5.0	3.245740889655024	5.0	5.0	0.0	5.0	2.575890087324738	2.654154729463104	4.361283815385118
06:15	4.9027781877810455	5.0	3.245740889655024	5.0	5.0	0.0	5.0	2.575890087324738	2.654154729463104	4.361283815385118
06:20	4.9027781877810455	5.0	3.245740889655024	5.0	5.0	0.0	5.0	2.575890087324738	2.654154729463104	4.361283815385118
06:25	4.9027781877810455	5.0	3.245740889655024	5.0	5.0	0.0	5.0	2.575890087324738	2.654154729463104	4.361283815385118
06:30	4.9027781877810455	5.0	3.245740889655024	5.0	5.0	0.0	5.0	2.575890087324738	2.654154729463104	4.361283815385118
06:35	4.9027781877810455	5.0	3.245740889655024	5.0	5.0	0.0	5.0	2.575890087324738	2.654154729463104	4.361283815385118
06:40	4.9027781877810455	5.0	3.245740889655024	5.0	5.0	0.0	5.0	2.575890087324738	2.654154729463104	4.361283815385118
06:45	4.9027781877810455	5.0	3.245740889655024	5.0	5.0	0.0	5.0	2.575890087324738	2.654154729463104	4.361283815385118
06:50	4.9027781877810455	5.0	3.245740889655024	5.0	5.0	0.0	5.0	2.575890087324738	2.654154729463104	4.361283815385118
06:55	4.9027781877810455	5.0	3.245740889655024	5.0	5.0	0.0	5.0	2.575890087324738	2.654154729463104	4.361283815385118
07:00	4.9027781877810455	5.0	3.245740889655024	5.0	5.0	0.0	5.0	2.575890087324738	2.654154729463104	4.361283815385118
07:05	4.9027781877810455	5.0	3.245740889655024	5.0	5.0	0.0	5.0	2.575890087324738	2.654154729463104	4.361283815385118
07:10	4.9027781877810455	5.0	3.245740889655024	5.0	5.0	0.0	5.0	2.575890087324738	2.654154729463104	4.361283815385118
07:15	4.9027781877810455	5.0	3.245740889655024	5.0	5.0	0.0	5.0	2.575890087324738	2.654154729463104	4.361283815385118
07:20	4.9027781877810455	5.0	3.245740889655024	5.0	5.0	0.0	5.0	2.575890087324738	2.654154729463104	4.361283815385118
07:25	4.9027781877810455	5.0	3.245740889655024	5.0	5.0	0.0	5.0	2.575890087324738	2.654154729463104	4.361283815385118
07:30	4.9027781877810455	5.0	3.245740889655024	5.0	5.0	0.0	5.0	2.575890087324738	2.654154729463104	4.361283815385118
07:35	4.9027781877810455	5.0	3.245740889655024	5.0	5.0	0.0	5.0	2.575890087324738	2.654154729463104	4.361283815385118
07:40	4.9027781877810455	5.0	3.245740889655024	5.0	5.0	0.0	5.0	2.575890087324738	2.654154729463104	4.361283815385118
07:45	4.9027781877810455	5.0	3.245740889655024	5.0	5.0	0.0	5.0	2.575890087324738	2.654154729463104	4.361283815385118
07:50	4.9027781877810455	5.0	3.245740889655024	5.0	5.0	0.0	5.0	2.575890087324738	2.654154729463104	4.361283815385118
07:55	4.9027781877810455	5.0	3.245740889655024	5.0	5.0	0.0	5.0	2.575890087324738	2.654154729463104	4.361283815385118
08:00	4.9027781877810455	5.0	3.245740889655024	5.0	5.0	0.0	5.0	2.575890087324738	2.654154729463104	4.361283815385118
08:05	4.9027781877810455	5.0	3.245740889655024	5.0	5.0	0.0	5.0	2.575890087324738	2.654154729463104	4.361283815385118
08:10	4.9027781877810455	5.0	3.245740889655024	5.0	5.0	0.0	5.0	2.575890087324738	2.654154729463104	4.361283815385118
08:15	4.9027781877810455	5.0	3.245740889655024	5.0	5.0	0.0	5.0	2.575890087324738	2.654154729463104	4.361283815385118
08:20	4.9027781877810455	5.0	3.245740889655024	5.0	5.0	0.0	5.0	2.575890087324738	2.654154729463104	4.361283815385118
08:25	4.9027781877810455	5.0	3.245740889655024	5.0	5.0	0.0	5.0	2.575890087324738	2.654154729463104	4.361283815385118
08:30	4.9027781877810455	5.0	3.245740889655024	5.0	5.0	0.0	5.0	2.575890087324738	2.654154729463104	4.361283815385118
08:35	4.9027781877810455	5.0	3.245740889655024	5.0	5.0	0.0	5.0	2.575890087324738	2.654154729463104	4.361283815385118
08:40	4.9027781877810455	5.0	3.245740889655024	5.0	5.0	0.0	5.0	2.575890087324738	2.654154729463104	4.361283815385118
08:45	4.9027781877810455	5.0	3.245740889655024	5.0	5.0	0.0	5.0	2.575890087324738	2.654154729463104	4.361283815385118
08:50	4.9027781877810455	5.0	3.245740889655024	5.0	5.0	0.0	5.0	2.575890087324738	2.654154729463104	4.361283815385118
08:55	4.9027781877810455	5.0	3.245740889655024	5.0	5.0	0.0	5.0	2.575890087324738	2.654154729463104	4.361283815385118
09:00	4.9027781877810455	5.0	3.245740889655024	5.0	5.0	0.0	5.0	2.575890087324738	2.654154729463104	4.361283815385118
09:05	4.134616130621013	5.0	3.239037192035	5.0	4.339082350263041	0.0	4.322297238807789	1.6109066473135838	3.06136322225702	4.77100603760734
09:10	4.36489557461577	5.0	3.655703858701667	5.0	3.534190321617615	0.2013888888888889	3.5086460805366495	1.6109066473135838	3.4780298889236865	5.0
09:15	4.781562241282436	5.0	4.072370525368334	5.0	3.534190321617615	0.6180555555555556	3.2534625527358263	1.6109066473135838	3.8946965555903534	5.0
09:20	5.0	5.0	4.489037192035	5.0	3.534190321617615	1.0347222222222223	3.2534625527358263	1.6109066473135838	4.31136322225702	5.0
09:25	5.0	5.0	4.905703858701667	5.0	3.534190321617615	1.4513888888888888	3.2534625527358263	1.6109066473135838	4.728029888923687	5.0
09:30	5.0	5.0	5.0	5.0	3.534190321617615	1.8680555555555556	3.2534625527358263	1.6109066473135838	5.0	5.0
09:35	5.0	5.0	5.0	5.0	3.534190321617615	2.2847222222222223	3.2534625527358263	1.6109066473135838	5.0	5.0
09:40	5.0	5.0	5.0	5.0	3.534190321617615	2.701388888888889	3.2534625527358263	1.6109066473135838	5.0	5.0
09:45	5.0	5.0	5.0	5.0	3.534190321617615	3.1180555555555554	3.2534625527358263	1.6109066473135838	5.0	5.0
09:50	5.0	5.0	5.0	5.0	3.534190321617615	3.5347222222222223	3.2534625527358263	1.6109066473135838	5.0	5.0
09:55	5.0	5.0	5.0	5.0	3.534190321617615	3.951388888888889	3.2534625527358263	1.6109066473135838	5.0	5.0
10:00	5.0	5.0	5.0	5.0	3.534190321617615	4.368055555555555	3.2534625527358263	1.6109066473135838	5.0	5.0
10:05	5.0	5.0	5.0	5.0	3.534190321617615	4.784722222222222	3.2534625527358263	1.6109066473135838	5.0	5.0
10:10	5.0	5.0	5.0	5.0	3.534190321617615	5.0	3.2534625527358263	1.6109066473135838	5.0	5.0
10:15	5.0	5.0	5.0	5.0	3.534190321617615	5.0	3.2534625527358263	1.6109066473135838	5.0	5.0
10:20	5.0	5.0	5.0	5.0	3.534190321617615	5.0	3.2534625527358263	1.6109066473135838	5.0	5.0
10:25	5.0	5.0	5.0	5.0	3.534190321617615	5.0	3.2534625527358263	1.6109066473135838	5.0	5.0
10:30	5.0	5.0	5.0	5.0	3.534190321617615	5.0	3.2534625527358263	1.6109066473135838	5.0	5.0
10:35	5.0	5.0	4.421912008277572	5.0	3.534190321617615	5.0	3.2534625527358263	1.6109066473135838	5.0	5.0
10:40	4.546626879075368	5.0	4.190791447876699	5.0	3.534190321617615	4.877725178183909	3.2534625527358263	1.6109066473135838	5.0	5.0
10:45	4.546626879075368	5.0	4.607458114543365	5.0	3.534190321617615	4.877725178183909	3.2534625527358263	1.6109066473135838	5.0	5.0
10:50	4.546626879075368	5.0	5.0	5.0	3.534190321617615	4.877725178183909	3.2534625527358263	1.6109066473135838	5.0	5.0
10:55	4.546626879075368	5.0	5.0	5.0	3.534190321617615	4.877725178183909	3.2534625527358263	1.6109066473135838	5.0	5.0
11:00	4.546626879075368	5.0	5.0	5.0	3.534190321617615	4.877725178183909	3.2534625527358263	1.6109066473135838	5.0	5.0
11:05	4.546626879075368	5.0	5.0	5.0	3.534190321617615	4.877725178183909	3.2534625527358263	1.6109066473135838	5.0	5.0
11:10	4.546626879075368	5.0	5.0	5.0	3.534190321617615	4.877725178183909	3.2534625527358263	1.6109066473135838	5.0	5.0
11:15	4.546626879075368	5.0	5.0	5.0	3.534190321617615	4.877725178183909	3.2534625527358263	1.6109066473135838	5.0	5.0
11:20	4.546626879075368	5.0	5.0	5.0	3.534190321617615	4.877725178183909	3.2534625527358263	1.6109066473135838	5.0	5.0
11:25	4.546626879075368	5.0	5.0	5.0	3.534190321617615	4.877725178183909	3.2534625527358263	1.6109066473135838	5.0	5.0
11:30	4.546626879075368	5.0	5.0	5.0	3.534190321617615	4.877725178183909	3.2534625527358263	1.6109066473135838	5.0	5.0
11:35	4.546626879075368	5.0	5.0	5.0	3.534190321617615	4.877725178183909	3.2534625527358263	1.6109066473135838	5.0	5.0
11:40	4.546626879075368	5.0	5.0	5.0	3.534190321617615	4.877725178183909	3.2534625527358263	1.6109066473135838	5.0	5.0
11:45	4.546626879075368	5.0	5.0	5.0	3.534190321617615	4.877725178183909	3.2534625527358263	1.6109066473135838	5.0	5.0
11:50	4.546626879075368	5.0	5.0	5.0	3.534190321617615	4.877725178183909	3.2534625527358263	1.6109066473135838	5.0	5.0
11:55	4.546626879075368	5.0	5.0	5.0	3.534190321617615	4.877725178183909	3.2534625527358263	1.6109066473135838	5.0	5.0
12:00	4.546626879075368	5.0	5.0	5.0	3.534190321617615	4.877725178183909	3.2534625527358263	1.6109066473135838	5.0	5.0
12:05	4.546626879075368	5.0	5.0	5.0	3.534190321617615	4.877725178183909	3.2534625527358263	1.6109066473135838	5.0	5.0
12:10	4.546626879075368	5.0	5.0	5.0	3.534190321617615	4.877725178183909	3.2534625527358263	1.6109066473135838	5.0	5.0
12:15	4.546626879075368	5.0	5.0	5.0	3.534190321617615	4.877725178183909	3.2534625527358263	1.6109066473135838	5.0	5.0
12:20	4.546626879075368	5.0	5.0	5.0	3.534190321617615	4.877725178183909	3.2534625527358263	1.6109066473135838	5.0	5.0
12:25	4.546626879075368	5.0	5.0	5.0	3.534190321617615	4.877725178183909	3.2534625527358263	1.6109066473135838	5.0	5.0
12:30	4.546626879075368	5.0	5.0	5.0	3.534190321617615	4.877725178183909	3.2534625527358263	1.6109066473135838	5.0	5.0
12:35	4.546626879075368	5.0	5.0	5.0	3.534190321617615	4.877725178183909	3.2534625527358263	1.6109066473135838	5.0	5.0
12:40	4.546626879075368	5.0	5.0	5.0	3.534190321617615	4.877725178183909	3.2534625527358263	1.6109066473135838	5.0	5.0
12:45	4.546626879075368	5.0	5.0	5.0	3.534190321617615	4.877725178183909	3.2534625527358263	1.6109066473135838	5.0	5.0
12:50	4.546626879075368	5.0	5.0	5.0	3.534190321617615	4.877725178183909	3.2534625527358263	1.6109066473135838	5.0	5.0
12:55	4.546626879075368	5.0	5.0	5.0	3.534190321617615	4.877725178183909	3.2534625527358263	1.6109066473135838	5.0	5.0
13:00	4.546626879075368	5.0	5.0	5.0	3.534190321617615	4.877725178183909	3.2534625527358263	1.6109066473135838	5.0	5.0
13:05	4.546626879075368	5.0	5.0	5.0	3.534190321617615	4.877725178183909	3.2534625527358263	1.6109066473135838	5.0	5.0
13:10	4.546626879075368	5.0	5.0	5.0	3.534190321617615	4.877725178183909	3.2534625527358263	1.6109066473135838	5.0	5.0
13:15	4.546626879075368	5.0	5.0	5.0	3.534190321617615	4.877725178183909	3.2534625527358263	1.6109066473135838	5.0	5.0
13:20	4.546626879075368	5.0	5.0	5.0	3.534190321617615	4.877725178183909	3.2534625527358263	1.6109066473135838	5.0	5.0
13:25	4.546626879075368	5.0	5.0	5.0	3.534190321617615	4.877725178183909	3.2534625527358263	1.6109066473135838	5.0	5.0
13:30	4.546626879075368	5.0	5.0	5.0	3.534190321617615	4.877725178183909	3.2534625527358263	1.6109066473135838	5.0	5.0
13:35	4.546626879075368	5.0	5.0	4.120470899145971	3.534190321617615	4.877725178183909	3.2534625527358263	1.6109066473135838	4.251393307870805	5.0
13:40	4.546626879075368	5.0	4.680894417616897	4.04827903740392	3.534190321617615	4.877725178183909	3.2534625527358263	1.6109066473135838	3.3752370229372652	5.0
13:45	4.546626879075368	5.0	5.0	4.464945704070587	3.534190321617615	4.877725178183909	3.2534625527358263	1.6109066473135838	3.236517278437383	5.0
13:50	4.546626879075368	5.0	5.0	4.881612370737253	3.534190321617615	4.877725178183909	3.2534625527358263	1.6109066473135838	3.65318394510405	5.0
13:55	4.546626879075368	5.0	5.0	5.0	3.534190321617615	4.877725178183909	3.2534625527358263	1.6109066473135838	4.0698506117707165	5.0
14:00	4.546626879075368	5.0	5.0	5.0	3.534190321617615	4.877725178183909	3.2534625527358263	1.6109066473135838	4.4865172784373835	5.0
14:05	4.546626879075368	5.0	5.0	5.0	3.534190321617615	4.877725178183909	3.2534625527358263	1.6109066473135838	4.9031839451040495	5.0
14:10	4.546626879075368	5.0	5.0	5.0	3.534190321617615	4.877725178183909	3.2534625527358263	1.6109066473135838	5.0	5.0
14:15	4.546626879075368	5.0	5.0	5.0	3.534190321617615	4.877725178183909	3.2534625527358263	1.6109066473135838	5.0	5.0
14:20	4.546626879075368	5.0	5.0	5.0	3.534190321617615	4.877725178183909	3.2534625527358263	1.6109066473135838	5.0	5.0
14:25	4.546626879075368	5.0	5.0	5.0	3.534190321617615	4.877725178183909	3.2534625527358263	1.6109066473135838	5.0	5.0
14:30	4.546626879075368	5.0	5.0	5.0	3.534190321617615	4.877725178183909	3.2534625527358263	1.6109066473135838	5.0	5.0
14:35	4.546626879075368	5.0	5.0	5.0	3.534190321617615	4.877725178183909	3.2534625527358263	1.6109066473135838	5.0	5.0
14:40	4.546626879075368	5.0	5.0	5.0	3.534190321617615	4.877725178183909	3.2534625527358263	1.6109066473135838	5.0	5.0
14:45	4.546626879075368	5.0	5.0	5.0	3.534190321617615	4.877725178183909	3.2534625527358263	1.6109066473135838	5.0	5.0
14:50	4.546626879075368	5.0	5.0	5.0	3.534190321617615	4.877725178183909	3.2534625527358263	1.6109066473135838	5.0	5.0
14:55	4.546626879075368	5.0	5.0	5.0	3.534190321617615	4.877725178183909	3.2534625527358263	1.6109066473135838	5.0	5.0
15:00	4.546626879075368	5.0	5.0	5.0	3.534190321617615	4.877725178183909	3.2534625527358263	1.6109066473135838	5.0	5.0
15:05	4.546626879075368	5.0	5.0	5.0	3.534190321617615	4.877725178183909	3.2534625527358263	1.6109066473135838	5.0	5.0
15:10	4.546626879075368	5.0	5.0	5.0	3.534190321617615	4.877725178183909	3.2534625527358263	1.6109066473135838	5.0	5.0
15:15	4.546626879075368	5.0	5.0	5.0	3.534190321617615	4.877725178183909	3.2534625527358263	1.6109066473135838	4.511545505294393	5.0
15:20	4.546626879075368	5.0	5.0	5.0	3.534190321617615	4.877725178183909	3.2534625527358263	1.6109066473135838	3.6320923033721466	5.0
15:25	4.546626879075368	5.0	5.0	5.0	3.534190321617615	4.877725178183909	3.2534625527358263	1.6109066473135838	3.0851216070188787	5.0
15:30	4.546626879075368	5.0	5.0	5.0	3.534190321617615	4.877725178183909	3.2534625527358263	1.6109066473135838	3.5017882736855457	5.0
15:35	4.546626879075368	5.0	5.0	5.0	3.534190321617615	4.877725178183909	3.2534625527358263	1.6109066473135838	3.918454940352212	5.0
15:40	4.546626879075368	5.0	5.0	5.0	3.534190321617615	4.877725178183909	3.2534625527358263	1.6109066473135838	4.335121607018879	5.0
15:45	4.546626879075368	5.0	5.0	5.0	3.534190321617615	4.877725178183909	3.2534625527358263	1.6109066473135838	4.751788273685546	5.0
15:50	4.546626879075368	5.0	5.0	5.0	3.534190321617615	4.877725178183909	3.2534625527358263	1.6109066473135838	5.0	5.0
15:55	4.546626879075368	5.0	5.0	5.0	3.534190321617615	4.877725178183909	3.2534625527358263	1.6109066473135838	5.0	5.0
16:00	4.546626879075368	5.0	5.0	5.0	3.534190321617615	4.877725178183909	3.2534625527358263	1.6109066473135838	5.0	5.0
16:05	4.546626879075368	5.0	5.0	5.0	3.534190321617615	4.877725178183909	3.2534625527358263	1.6109066473135838	5.0	5.0
16:10	4.546626879075368	5.0	5.0	5.0	3.534190321617615	4.877725178183909	3.2534625527358263	1.6109066473135838	5.0	5.0
16:15	4.546626879075368	5.0	5.0	5.0	3.534190321617615	4.877725178183909	3.2534625527358263	1.6109066473135838	5.0	5.0
16:20	4.546626879075368	5.0	5.0	5.0	3.534190321617615	4.877725178183909	3.2534625527358263	1.6109066473135838	5.0	5.0
16:25	4.546626879075368	5.0	5.0	5.0	3.534190321617615	4.877725178183909	3.2534625527358263	1.6109066473135838	5.0	5.0
16:30	4.546626879075368	5.0	5.0	5.0	3.534190321617615	4.877725178183909	3.2534625527358263	1.6109066473135838	5.0	5.0
16:35	4.546626879075368	4.251393307870805	5.0	5.0	3.534190321617615	4.877725178183909	3.2534625527358263	1.6109066473135838	5.0	5.0
16:40	4.546626879075368	3.3039872940504726	4.958162165247724	5.0	3.534190321617615	4.877725178183909	3.2534625527358263	1.6109066473135838	5.0	5.0
16:45	4.546626879075368	3.250406167326272	5.0	5.0	3.534190321617615	4.877725178183909	3.2534625527358263	1.6109066473135838	5.0	5.0
16:50	4.546626879075368	3.667072833992939	5.0	5.0	3.534190321617615	4.877725178183909	3.2534625527358263	1.6109066473135838	5.0	5.0
16:55	4.546626879075368	4.083739500659606	5.0	5.0	3.534190321617615	4.877725178183909	3.2534625527358263	1.6109066473135838	4.798149351128746	5.0
17:00	4.546626879075368	4.500406167326272	5.0	5.0	3.534190321617615	4.877725178183909	3.2534625527358263	1.6109066473135838	3.9729490121374886	5.0
17:05	4.546626879075368	4.917072833992938	5.0	5.0	3.534190321617615	4.877725178183909	3.2534625527358263	1.6109066473135838	3.0236631215500855	5.0
17:10	4.546626879075368	5.0	5.0	5.0	3.534190321617615	4.877725178183909	3.2534625527358263	1.6109066473135838	3.3504525056474455	5.0
17:15	4.546626879075368	5.0	5.0	5.0	3.534190321617615	4.877725178183909	3.2534625527358263	1.6109066473135838	3.767119172314112	5.0
17:20	4.546626879075368	5.0	5.0	5.0	3.534190321617615	4.877725178183909	3.2534625527358263	1.6109066473135838	4.1837858389807785	5.0
17:25	4.546626879075368	5.0	5.0	5.0	3.534190321617615	4.877725178183909	3.2534625527358263	1.6109066473135838	4.6004525056474455	5.0
17:30	4.546626879075368	5.0	5.0	5.0	3.534190321617615	4.877725178183909	3.2534625527358263	1.6109066473135838	5.0	5.0
17:35	4.546626879075368	5.0	5.0	5.0	3.534190321617615	4.877725178183909	3.2534625527358263	1.6109066473135838	5.0	5.0
17:40	4.546626879075368	5.0	5.0	5.0	3.534190321617615	4.877725178183909	3.2534625527358263	1.6109066473135838	5.0	5.0
17:45	4.546626879075368	5.0	5.0	5.0	3.534190321617615	4.877725178183909	3.2534625527358263	1.6109066473135838	5.0	5.0
17:50	4.546626879075368	5.0	5.0	5.0	3.534190321617615	4.877725178183909	3.2534625527358263	1.6109066473135838	5.0	5.0
17:55	4.546626879075368	5.0	5.0	5.0	3.534190321617615	4.877725178183909	3.2534625527358263	1.6109066473135838	5.0	5.0
18:00	4.546626879075368	5.0	5.0	5.0	3.534190321617615	4.877725178183909	3.2534625527358263	1.6109066473135838	5.0	5.0
18:05	3.7467478331869994	5.0	5.0	5.0	2.5607583641154514	3.9045855703984036	2.299641758950925	0.6931419365437748	5.0	5.0
18:10	4.163414499853666	5.0	5.0	4.481587097833698	2.413157356791083	3.848126822083526	2.202419946731969	0.12610071236741838	5.0	5.0
18:15	4.5800811665203325	4.48432510388853	5.0	4.428808048490868	2.413157356791083	3.848126822083526	2.202419946731969	0.12610071236741838	5.0	5.0
18:20	4.996747833186999	3.587756504956404	5.0	4.845474715157534	2.413157356791083	3.848126822083526	2.202419946731969	0.12610071236741838	5.0	5.0
18:25	5.0	3.0990104959077676	5.0	5.0	2.413157356791083	3.848126822083526	2.202419946731969	0.12610071236741838	5.0	5.0
18:30	5.0	3.5156771625744345	5.0	5.0	2.413157356791083	3.848126822083526	2.202419946731969	0.12610071236741838	5.0	5.0
18:35	5.0	3.932343829241101	5.0	5.0	2.413157356791083	3.848126822083526	2.202419946731969	0.12610071236741838	5.0	5.0
18:40	5.0	4.349010495907768	5.0	5.0	2.413157356791083	3.848126822083526	2.202419946731969	0.12610071236741838	4.004431385922227	5.0
18:45	5.0	4.765677162574434	5.0	5.0	2.413157356791083	3.848126822083526	2.202419946731969	0.12610071236741838	2.9683426106287296	5.0
18:50	5.0	5.0	5.0	5.0	2.413157356791083	3.848126822083526	2.202419946731969	0.12610071236741838	2.5113440968227962	5.0
18:55	5.0	5.0	5.0	5.0	2.413157356791083	3.848126822083526	2.202419946731969	0.12610071236741838	2.9280107634894628	5.0
19:00	5.0	5.0	5.0	5.0	2.413157356791083	3.848126822083526	2.202419946731969	0.12610071236741838	3.3446774301561293	5.0
19:05	5.0	5.0	5.0	5.0	2.413157356791083	3.848126822083526	2.202419946731969	0.12610071236741838	3.7613440968227962	5.0
19:10	5.0	5.0	5.0	5.0	2.413157356791083	3.848126822083526	2.202419946731969	0.12610071236741838	4.178010763489462	5.0
19:15	5.0	5.0	5.0	5.0	2.413157356791083	3.848126822083526	2.202419946731969	0.12610071236741838	4.594677430156129	5.0
19:20	5.0	5.0	5.0	5.0	2.413157356791083	3.848126822083526	2.202419946731969	0.12610071236741838	5.0	5.0
19:25	5.0	5.0	5.0	5.0	2.413157356791083	3.848126822083526	2.202419946731969	0.12610071236741838	5.0	5.0
19:30	5.0	5.0	5.0	5.0	2.413157356791083	3.848126822083526	2.202419946731969	0.12610071236741838	5.0	5.0
19:35	4.9027781877810455	5.0	5.0	5.0	2.413157356791083	3.848126822083526	2.202419946731969	0.12610071236741838	5.0	5.0
19:40	4.9027781877810455	5.0	5.0	5.0	2.413157356791083	3.848126822083526	2.202419946731969	0.12610071236741838	5.0	5.0
19:45	4.9027781877810455	5.0	4.723665849652051	4.497885771491139	2.413157356791083	3.848126822083526	2.202419946731969	0.12610071236741838	5.0	5.0
19:50	4.9027781877810455	5.0	5.0	3.8812889567840574	2.413157356791083	3.848126822083526	2.202419946731969	0.12610071236741838	5.0	5.0
19:55	4.9027781877810455	4.760707004462803	5.0	4.297955623450724	2.413157356791083	3.848126822083526	2.202419946731969	0.12610071236741838	5.0	5.0
20:00	4.9027781877810455	3.941765719753363	5.0	4.714622290117391	2.413157356791083	3.848126822083526	2.202419946731969	0.12610071236741838	5.0	5.0
20:05	4.9027781877810455	2.9847986278785386	5.0	5.0	2.413157356791083	3.848126822083526	2.202419946731969	0.12610071236741838	5.0	5.0
20:10	4.9027781877810455	3.371285838980779	5.0	5.0	2.413157356791083	3.848126822083526	2.202419946731969	0.12610071236741838	5.0	5.0
20:15	4.9027781877810455	3.7879525056474455	5.0	5.0	2.413157356791083	3.848126822083526	2.202419946731969	0.12610071236741838	5.0	5.0
20:20	4.9027781877810455	4.204619172314112	5.0	5.0	2.413157356791083	3.848126822083526	2.202419946731969	0.12610071236741838	4.733910319507531	5.0
20:25	4.9027781877810455	4.6212858389807785	5.0	5.0	2.413157356791083	3.848126822083526	2.202419946731969	0.12610071236741838	3.8503513083881122	5.0
20:30	4.9027781877810455	5.0	5.0	5.0	2.413157356791083	3.848126822083526	2.202419946731969	0.12610071236741838	2.726133230684252	5.0
20:35	4.9027781877810455	5.0	5.0	5.0	2.413157356791083	3.848126822083526	2.202419946731969	0.12610071236741838	3.142799897350919	5.0
20:40	4.9027781877810455	5.0	5.0	5.0	2.413157356791083	3.848126822083526	2.202419946731969	0.12610071236741838	3.5594665640175855	5.0
20:45	4.9027781877810455	5.0	5.0	5.0	2.413157356791083	3.848126822083526	2.202419946731969	0.12610071236741838	3.976133230684252	5.0
20:50	4.9027781877810455	5.0	5.0	5.0	2.413157356791083	3.848126822083526	2.202419946731969	0.12610071236741838	4.392799897350919	5.0
20:55	4.9027781877810455	5.0	5.0	5.0	2.413157356791083	3.848126822083526	2.202419946731969	0.12610071236741838	4.809466564017586	5.0
21:00	4.9027781877810455	5.0	5.0	5.0	2.413157356791083	3.848126822083526	2.202419946731969	0.12610071236741838	5.0	5.0
21:05	4.9027781877810455	5.0	5.0	5.0	2.413157356791083	3.848126822083526	2.202419946731969	0.12610071236741838	5.0	5.0
21:10	4.9027781877810455	5.0	5.0	5.0	2.413157356791083	3.848126822083526	2.202419946731969	0.12610071236741838	5.0	5.0
21:15	4.9027781877810455	5.0	4.912818550861737	5.0	2.413157356791083	3.848126822083526	2.202419946731969	0.12610071236741838	5.0	5.0
21:20	4.9027781877810455	5.0	5.0	4.783079894262166	2.413157356791083	3.848126822083526	2.202419946731969	0.12610071236741838	5.0	5.0
21:25	4.9027781877810455	5.0	5.0	4.2681689646118945	2.413157356791083	3.848126822083526	2.202419946731969	0.12610071236741838	5.0	5.0
21:30	4.9027781877810455	5.0	5.0	4.684835631278561	2.413157356791083	3.848126822083526	2.202419946731969	0.12610071236741838	5.0	5.0
21:35	4.9027781877810455	5.0	5.0	5.0	2.413157356791083	3.848126822083526	2.202419946731969	0.12610071236741838	5.0	5.0
21:40	4.9027781877810455	3.9497979349353884	5.0	5.0	2.413157356791083	3.848126822083526	2.202419946731969	0.12610071236741838	5.0	5.0
21:45	4.9027781877810455	2.9518084998098177	5.0	5.0	2.413157356791083	3.848126822083526	2.202419946731969	0.12610071236741838	5.0	5.0
21:50	4.9027781877810455	2.5321774301561293	5.0	5.0	2.413157356791083	3.848126822083526	2.202419946731969	0.12610071236741838	5.0	5.0
21:55	4.9027781877810455	2.9488440968227962	5.0	5.0	2.413157356791083	3.848126822083526	2.202419946731969	0.12610071236741838	5.0	5.0
22:00	4.9027781877810455	3.3655107634894628	5.0	5.0	2.413157356791083	3.848126822083526	2.202419946731969	0.12610071236741838	4.9870625861079425	5.0
22:05	4.9027781877810455	3.7821774301561293	5.0	5.0	2.413157356791083	3.848126822083526	2.202419946731969	0.12610071236741838	4.071353650261191	5.0
22:10	4.9027781877810455	4.198844096822796	5.0	5.0	2.413157356791083	3.848126822083526	2.202419946731969	0.12610071236741838	3.207395360543446	5.0
22:15	4.9027781877810455	4.615510763489462	5.0	5.0	2.413157356791083	3.848126822083526	2.202419946731969	0.12610071236741838	3.197822180206814	5.0
22:20	4.9027781877810455	5.0	5.0	5.0	2.413157356791083	3.848126822083526	2.202419946731969	0.12610071236741838	3.614488846873481	5.0
22:25	4.9027781877810455	5.0	5.0	5.0	2.413157356791083	3.848126822083526	2.202419946731969	0.12610071236741838	4.031155513540147	5.0
22:30	4.9027781877810455	5.0	5.0	5.0	2.413157356791083	3.848126822083526	2.202419946731969	0.12610071236741838	4.447822180206814	5.0
22:35	4.9027781877810455	5.0	5.0	5.0	2.413157356791083	3.848126822083526	2.202419946731969	0.12610071236741838	4.86448884687348	5.0
22:40	4.9027781877810455	5.0	5.0	5.0	2.413157356791083	3.848126822083526	2.202419946731969	0.12610071236741838	5.0	5.0
22:45	4.9027781877810455	5.0	5.0	5.0	2.413157356791083	3.848126822083526	2.202419946731969	0.12610071236741838	5.0	5.0
22:50	4.9027781877810455	5.0	5.0	5.0	2.413157356791083	3.848126822083526	2.202419946731969	0.12610071236741838	5.0	5.0
22:55	4.9027781877810455	5.0	5.0	4.822562272881669	2.413157356791083	3.848126822083526	2.202419946731969	0.12610071236741838	5.0	5.0
23:00	4.9027781877810455	5.0	5.0	4.646597508321552	2.413157356791083	3.848126822083526	2.202419946731969	0.12610071236741838	5.0	5.0
23:05	4.9027781877810455	5.0	5.0	5.0	2.413157356791083	3.848126822083526	2.202419946731969	0.12610071236741838	5.0	5.0
23:10	4.9027781877810455	5.0	5.0	5.0	2.413157356791083	3.848126822083526	2.202419946731969	0.12610071236741838	5.0	5.0
23:15	4.9027781877810455	5.0	5.0	5.0	2.413157356791083	3.848126822083526	2.202419946731969	0.12610071236741838	5.0	5.0
23:20	4.9027781877810455	4.669434607835715	5.0	5.0	2.413157356791083	3.848126822083526	2.202419946731969	0.12610071236741838	5.0	5.0
23:25	4.9027781877810455	3.8000222015708247	5.0	5.0	2.413157356791083	3.848126822083526	2.202419946731969	0.12610071236741838	5.0	5.0
23:30	4.9027781877810455	2.7469665640175855	5.0	5.0	2.413157356791083	3.848126822083526	2.202419946731969	0.12610071236741838	5.0	5.0
23:35	4.9027781877810455	3.163633230684252	5.0	5.0	2.413157356791083	3.848126822083526	2.202419946731969	0.12610071236741838	5.0	5.0
23:40	4.9027781877810455	3.580299897350919	5.0	5.0	2.413157356791083	3.848126822083526	2.202419946731969	0.12610071236741838	5.0	5.0
23:45	4.9027781877810455	3.9969665640175855	5.0	5.0	2.413157356791083	3.848126822083526	2.202419946731969	0.12610071236741838	5.0	5.0
23:50	4.9027781877810455	4.413633230684252	5.0	5.0	2.413157356791083	3.848126822083526	2.202419946731969	0.12610071236741838	5.0	5.0
23:55	4.9027781877810455	4.830299897350919	5.0	5.0	2.413157356791083	3.848126822083526	2.202419946731969	0.12610071236741838	5.0	5.0
24:00	4.9027781877810455	5.0	5.0	5.0	2.413157356791083	3.848126822083526	2.202419946731969	0.12610071236741838	5.0	5.0
