time	0	1	10	11	12	13	14	2	3	4	5	6	7	8	9
00:00	65.0	45.5	26.0	6.5	19.5	26.0	32.5	65.0	65.0	65.0	65.0	6.5	65.0	65.0	65.0
00:05	65.0	45.5	26.0	6.5	19.5	26.0	32.5	65.0	65.0	65.0	65.0	6.5	65.0	65.0	65.0
00:10	65.0	45.5	26.0	6.5	19.5	26.0	32.5	65.0	65.0	65.0	65.0	6.5	65.0	65.0	65.0
00:15	65.0	45.5	26.0	6.5	19.5	26.0	32.5	65.0	65.0	65.0	65.0	6.5	65.0	65.0	65.0
00:20	65.0	45.5	26.0	6.5	19.5	26.0	32.5	65.0	65.0	65.0	65.0	6.5	65.0	65.0	65.0
00:25	65.0	45.5	26.0	6.5	19.5	26.0	32.5	65.0	65.0	65.0	65.0	6.5	65.0	65.0	65.0
00:30	65.0	45.5	26.0	6.5	19.5	26.0	32.5	65.0	65.0	65.0	65.0	6.5	65.0	65.0	65.0
00:35	65.0	45.5	26.0	6.5	19.5	26.0	32.5	65.0	65.0	65.0	65.0	6.5	65.0	65.0	65.0
00:40	65.0	45.5	26.0	6.5	19.5	26.0	32.5	65.0	65.0	65.0	65.0	6.5	65.0	65.0	65.0
00:45	65.0	45.5	26.0	6.5	19.5	26.0	32.5	65.0	65.0	65.0	65.0	6.5	65.0	65.0	65.0
00:50	65.0	45.5	26.0	6.5	19.5	26.0	32.5	65.0	65.0	65.0	65.0	6.5	65.0	65.0	65.0
00:55	65.0	45.5	26.0	6.5	19.5	26.0	32.5	65.0	65.0	65.0	65.0	6.5	65.0	65.0	65.0
01:00	65.0	45.5	26.0	6.5	19.5	26.0	32.5	65.0	65.0	65.0	65.0	6.5	65.0	65.0	65.0
01:05	65.0	45.5	26.0	6.5	19.5	26.0	32.5	65.0	65.0	65.0	65.0	6.5	65.0	65.0	65.0
01:10	65.0	45.5	26.0	6.5	19.5	26.0	32.5	65.0	65.0	65.0	65.0	6.5	65.0	65.0	65.0
01:15	65.0	45.5	26.0	6.5	19.5	26.0	32.5	65.0	65.0	65.0	65.0	6.5	65.0	65.0	65.0
01:20	65.0	45.5	26.0	6.5	19.5	26.0	32.5	65.0	65.0	65.0	65.0	6.5	65.0	65.0	65.0
01:25	65.0	45.5	26.0	6.5	19.5	26.0	32.5	65.0	65.0	65.0	65.0	6.5	65.0	65.0	65.0
01:30	65.0	45.5	26.0	6.5	19.5	26.0	32.5	65.0	65.0	65.0	65.0	6.5	65.0	65.0	65.0
01:35	65.0	45.5	26.0	6.5	19.5	26.0	32.5	65.0	65.0	65.0	65.0	6.5	65.0	65.0	65.0
01:40	65.0	45.5	26.0	6.5	19.5	26.0	32.5	65.0	65.0	65.0	65.0	6.5	65.0	65.0	65.0
01:45	65.0	45.5	26.0	6.5	19.5	26.0	32.5	65.0	65.0	65.0	65.0	6.5	65.0	65.0	65.0
01:50	65.0	45.5	26.0	6.5	19.5	26.0	32.5	65.0	65.0	65.0	65.0	6.5	65.0	65.0	65.0
01:55	65.0	45.5	26.0	6.5	19.5	26.0	32.5	65.0	65.0	65.0	65.0	6.5	65.0	65.0	65.0
02:00	65.0	45.5	26.0	6.5	19.5	26.0	32.5	65.0	65.0	65.0	65.0	6.5	65.0	65.0	65.0
02:05	65.0	45.5	26.0	6.5	19.5	26.0	32.5	65.0	65.0	65.0	65.0	6.5	65.0	65.0	65.0
02:10	65.0	45.5	26.0	6.5	19.5	26.0	32.5	65.0	65.0	65.0	65.0	6.5	65.0	65.0	65.0
02:15	65.0	45.5	26.0	6.5	19.5	26.0	32.5	65.0	65.0	65.0	65.0	6.5	65.0	65.0	65.0
02:20	65.0	45.5	26.0	6.5	19.5	26.0	32.5	65.0	65.0	65.0	65.0	6.5	65.0	65.0	65.0
02:25	65.0	45.5	26.0	6.5	19.5	26.0	32.5	65.0	65.0	65.0	65.0	6.5	65.0	65.0	65.0
02:30	65.0	45.5	26.0	6.5	19.5	26.0	32.5	65.0	65.0	65.0	65.0	6.5	65.0	65.0	65.0
02:35	65.0	45.5	26.0	6.5	19.5	26.0	32.5	65.0	65.0	65.0	65.0	6.5	65.0	65.0	65.0
02:40	65.0	45.5	26.0	6.5	19.5	26.0	32.5	65.0	65.0	65.0	65.0	6.5	65.0	65.0	65.0
02:45	65.0	45.5	26.0	6.5	19.5	26.0	32.5	65.0	65.0	65.0	65.0	6.5	65.0	65.0	65.0
02:50	65.0	45.5	26.0	6.5	19.5	26.0	32.5	65.0	65.0	65.0	65.0	6.5	65.0	65.0	65.0
02:55	65.0	45.5	26.0	6.5	19.5	26.0	32.5	65.0	65.0	65.0	65.0	6.5	65.0	65.0	65.0
03:00	65.0	45.5	26.0	6.5	19.5	26.0	32.5	65.0	65.0	65.0	65.0	6.5	65.0	65.0	65.0
03:05	65.0	45.5	26.0	6.5	19.5	26.0	32.5	65.0	65.0	65.0	65.0	6.5	65.0	65.0	65.0
03:10	65.0	45.5	26.0	6.5	19.5	26.0	32.5	65.0	65.0	65.0	65.0	6.5	65.0	65.0	65.0
03:15	65.0	45.5	26.0	6.5	19.5	26.0	32.5	65.0	65.0	65.0	65.0	6.5	65.0	65.0	65.0
03:20	65.0	45.5	26.0	6.5	19.5	26.0	32.5	65.0	65.0	65.0	65.0	6.5	65.0	65.0	65.0
03:25	65.0	45.5	26.0	6.5	19.5	26.0	32.5	65.0	65.0	65.0	65.0	6.5	65.0	65.0	65.0
03:30	65.0	45.5	26.0	6.5	19.5	26.0	32.5	65.0	65.0	65.0	65.0	6.5	65.0	65.0	65.0
03:35	65.0	45.5	26.0	6.5	19.5	26.0	32.5	65.0	65.0	65.0	65.0	6.5	65.0	65.0	65.0
03:40	65.0	45.5	26.0	6.5	19.5	26.0	32.5	65.0	65.0	65.0	65.0	6.5	65.0	65.0	65.0
03:45	65.0	45.5	26.0	6.5	19.5	26.0	32.5	65.0	65.0	65.0	65.0	6.5	65.0	65.0	65.0
03:50	65.0	45.5	26.0	6.5	19.5	26.0	32.5	65.0	65.0	65.0	65.0	6.5	65.0	65.0	65.0
03:55	65.0	45.5	26.0	6.5	19.5	26.0	32.5	65.0	65.0	65.0	65.0	6.5	65.0	65.0	65.0
04:00	65.0	45.5	26.0	6.5	19.5	26.0	32.5	65.0	65.0	65.0	65.0	6.5	65.0	65.0	65.0
04:05	65.0	45.5	26.0	6.5	19.5	26.0	32.5	65.0	65.0	65.0	65.0	6.5	65.0	65.0	65.0
04:10	65.0	45.5	26.0	6.5	19.5	26.0	32.5	65.0	65.0	65.0	65.0	6.5	65.0	65.0	65.0
04:15	65.0	45.5	26.0	6.5	19.5	26.0	32.5	65.0	65.0	65.0	65.0	6.5	65.0	65.0	65.0
04:20	65.0	45.5	26.0	6.5	19.5	26.0	32.5	65.0	65.0	65.0	65.0	6.5	65.0	65.0	65.0
04:25	65.0	45.5	26.0	6.5	19.5	26.0	32.5	65.0	65.0	65.0	65.0	6.5	65.0	65.0	65.0
04:30	65.0	45.5	26.0	6.5	19.5	26.0	32.5	65.0	65.0	65.0	65.0	6.5	65.0	65.0	65.0
04:35	65.0	45.5	26.0	6.5	19.5	26.0	32.5	65.0	65.0	65.0	65.0	6.5	65.0	65.0	65.0
04:40	65.0	45.5	26.0	6.5	19.5	26.0	32.5	65.0	65.0	65.0	65.0	6.5	65.0	65.0	65.0
04:45	65.0	45.5	26.0	6.5	19.5	26.0	32.5	65.0	65.0	65.0	65.0	6.5	65.0	65.0	65.0
04:50	65.0	45.5	26.0	6.5	19.5	26.0	32.5	65.0	65.0	65.0	65.0	6.5	65.0	65.0	65.0
04:55	65.0	45.5	26.0	6.5	19.5	26.0	32.5	65.0	65.0	65.0	65.0	6.5	65.0	65.0	65.0
05:00	65.0	45.5	26.0	6.5	19.5	26.0	32.5	65.0	65.0	65.0	65.0	6.5	65.0	65.0	65.0
05:05	65.0	45.5	26.0	6.5	19.5	26.0	32.5	65.0	65.0	65.0	65.0	6.5	65.0	65.0	65.0
05:10	65.0	45.5	26.0	6.5	19.5	26.0	32.5	65.0	65.0	65.0	65.0	6.5	65.0	65.0	65.0
05:15	65.0	45.5	26.0	6.5	19.5	26.0	32.5	65.0	65.0	65.0	65.0	6.5	65.0	65.0	65.0
05:20	65.0	45.5	26.0	6.5	19.5	26.0	32.5	65.0	65.0	65.0	65.0	6.5	65.0	65.0	65.0
05:25	65.0	45.5	26.0	6.5	19.5	26.0	32.5	65.0	65.0	65.0	65.0	6.5	65.0	65.0	65.0
05:30	65.0	45.5	26.0	6.5	19.5	26.0	32.5	65.0	65.0	65.0	65.0	6.5	65.0	65.0	65.0
05:35	65.0	45.5	26.0	6.5	19.5	26.0	32.5	65.0	65.0	65.0	65.0	6.5	65.0	65.0	65.0
05:40	65.0	45.5	26.0	6.5	19.5	26.0	32.5	65.0	65.0	65.0	65.0	6.5	65.0	65.0	65.0
05:45	65.0	45.5	26.0	6.5	19.5	26.0	32.5	65.0	65.0	65.0	65.0	6.5	65.0	65.0	65.0
05:50	65.0	45.5	26.0	6.5	19.5	26.0	32.5	65.0	65.0	65.0	65.0	6.5	65.0	65.0	65.0
05:55	65.0	45.5	26.0	6.5	19.5	26.0	32.5	65.0	65.0	65.0	65.0	6.5	65.0	65.0	65.0
06:00	65.0	45.5	26.0	6.5	19.5	26.0	32.5	65.0	65.0	65.0	65.0	6.5	65.0	65.0	65.0
06:05	65.0	45.5	26.0	6.5	19.5	26.0	32.5	65.0	65.0	65.0	65.0	6.5	65.0	65.0	65.0
06:10	65.0	45.5	26.0	6.5	19.5	26.0	32.5	65.0	65.0	65.0	65.0	6.5	65.0	65.0	65.0
06:15	65.0	45.5	26.0	6.5	19.5	26.0	32.5	65.0	65.0	65.0	65.0	6.5	65.0	65.0	65.0
06:20	65.0	45.5	26.0	6.5	19.5	26.0	32.5	65.0	65.0	65.0	65.0	6.5	65.0	65.0	65.0
06:25	65.0	45.5	26.0	6.5	19.5	26.0	32.5	65.0	65.0	65.0	65.0	6.5	65.0	65.0	65.0
06:30	65.0	45.5	26.0	6.5	19.5	26.0	32.5	65.0	65.0	65.0	65.0	6.5	65.0	65.0	65.0
06:35	65.0	45.5	26.0	6.5	19.5	26.0	32.5	65.0	65.0	65.0	65.0	6.5	65.0	65.0	65.0
06:40	65.0	45.5	26.0	6.5	19.5	26.0	32.5	65.0	65.0	65.0	65.0	6.5	65.0	65.0	65.0
06:45	65.0	45.5	26.0	6.5	19.5	26.0	32.5	65.0	65.0	65.0	65.0	6.5	65.0	65.0	65.0
06:50	65.0	45.5	26.0	6.5	19.5	26.0	32.5	65.0	65.0	65.0	65.0	6.5	65.0	65.0	65.0
06:55	65.0	45.5	26.0	6.5	19.5	26.0	32.5	65.0	65.0	65.0	65.0	6.5	65.0	65.0	65.0
07:00	65.0	45.5	26.0	6.5	19.5	26.0	32.5	65.0	65.0	65.0	65.0	6.5	65.0	65.0	65.0
07:05	65.0	45.5	26.0	6.5	19.5	26.0	32.5	65.0	65.0	65.0	65.0	6.5	65.0	65.0	65.0
07:10	65.0	45.5	26.0	6.5	19.5	26.0	32.5	65.0	65.0	65.0	65.0	6.5	65.0	65.0	65.0
07:15	65.0	45.5	26.0	6.5	19.5	26.0	32.5	65.0	65.0	65.0	65.0	6.5	65.0	65.0	65.0
07:20	65.0	45.5	26.0	6.5	19.5	26.0	32.5	65.0	65.0	65.0	65.0	6.5	65.0	65.0	65.0
07:25	65.0	45.5	26.0	6.5	19.5	26.0	32.5	65.0	65.0	65.0	65.0	6.5	65.0	65.0	65.0
07:30	65.0	45.5	26.0	6.5	19.5	26.0	32.5	65.0	65.0	65.0	65.0	6.5	65.0	65.0	65.0
07:35	65.0	45.5	26.0	6.5	19.5	26.0	32.5	65.0	65.0	65.0	65.0	6.5	65.0	65.0	65.0
07:40	65.0	45.5	26.0	6.5	19.5	26.0	32.5	65.0	65.0	65.0	65.0	6.5	65.0	65.0	65.0
07:45	65.0	45.5	26.0	6.5	19.5	26.0	32.5	65.0	65.0	65.0	65.0	6.5	65.0	65.0	65.0
07:50	65.0	45.5	26.0	6.5	19.5	26.0	32.5	65.0	65.0	65.0	65.0	6.5	65.0	65.0	65.0
07:55	65.0	45.5	26.0	6.5	19.5	26.0	32.5	65.0	65.0	65.0	65.0	6.5	65.0	65.0	65.0
08:00	65.0	45.5	26.0	6.5	19.5	26.0	32.5	65.0	65.0	65.0	65.0	6.5	65.0	65.0	65.0
08:05	65.0	44.60755586616143	24.81845112647987	5.485562088171294	17.98879420318552	24.206980359266755	31.783561826260136	63.397036753626146	64.00701959312158	63.39510201076573	64.14695663598685	4.8497432563975105	63.97457737309905	64.43763498979287	64.16094973886163
08:10	65.0	43.9443536408831	23.900846293091725	4.452226164597539	15.911634532239617	22.525761736094157	29.43183426322574	61.75255611980074	62.522368174347754	61.659113546186866	63.1122591906186	2.8176050309104403	63.177627191174906	63.50007952051434	63.3306577834238
08:15	65.0	43.38274531994657	22.653297353686185	3.817333021588335	14.168214570448875	20.61038068497374	26.98091818842273	59.90985241354312	60.704925304663156	59.72246802819816	62.041966241313254	0.8140259931874966	62.389646510738956	61.20665560907744	62.37119960190183
08:20	65.0	43.16645471186622	22.622319564310242	2.7988376909008594	12.438704813228302	18.714628306507805	26.174714335529686	58.271321757290245	59.42101694829488	57.84633124075997	60.11311994384917	0.0	60.92892095655177	59.122059431164	61.31685210620176
08:25	65.0	43.16645471186622	20.370276968329822	1.7309083693642826	11.302071241492651	17.078824316800777	24.15951020144774	56.681306466078944	57.22423890952744	56.28324588635587	57.964720303002125	0.0	58.47063725633179	57.31515621588858	60.35317801483884
08:30	65.0	43.16645471186622	19.436799803482653	0.7442653245014864	8.686231392268022	16.256192057756504	21.196691031338982	54.89045191511077	55.4338383934214	55.60072499150265	56.086298571856446	0.0	56.73674141720521	55.450026565450436	59.33211122760153
08:35	65.0	43.16645471186622	17.54920377401871	0.0	7.307186523190638	15.616079511802349	19.490607840585245	52.95831470733383	54.44075329747145	54.63310379953854	54.19825402501126	0.0	54.212298936238255	53.37370041776512	58.134075055794796
08:40	65.0	43.16645471186622	17.021590237200463	0.0	5.098378430612831	14.540278723558938	17.479891393174874	51.28593599078126	53.662888260497986	53.73037087970867	52.22397713057277	0.0	51.73205226422956	51.60349579035078	57.13633599044982
08:45	65.0	43.16645471186622	16.751775472310868	0.0	3.8365607522049516	13.862556749087615	15.621238389984534	49.68823569406164	53.14909791801234	52.74207668522765	50.308721131800006	0.0	50.15700429306095	50.19383960054587	56.230227935534316
08:50	65.0	43.16645471186622	16.751775472310868	0.0	1.6982623675835422	13.15195996782326	13.918135608762421	47.95633758947419	51.9382278467372	52.31267837304065	48.55907682502603	0.0	48.57060677255751	48.81388227439194	55.410972414228155
08:55	65.0	43.16645471186622	16.751775472310868	0.0	0.4727398625676131	12.667021457093215	13.432620738911586	45.94852796402108	51.430673207899886	51.19592155345078	46.661353093477885	0.0	46.67573503225961	46.46605450396544	54.07776505308262
09:00	65.0	43.16645471186622	16.751775472310868	0.0	0.0	11.544807431027213	13.432620738911586	44.6701333921216	50.27789269763695	50.50013733604783	44.648721266799036	0.0	44.90937053355348	44.66833587618209	53.11302132723356
09:05	65.0	43.16645471186622	16.751775472310868	0.0	0.0	10.324142474410802	13.432620738911586	41.91431057186552	50.19840085775321	50.50013733604783	43.529754955580344	0.0	43.00291880457684	43.10505204686221	53.11302132723356
09:10	65.0	43.16645471186622	16.751775472310868	0.0	0.0	9.175629285851917	13.432620738911586	40.074220679542364	50.19840085775321	50.50013733604783	42.778696666535396	0.0	41.43732144078062	41.57047889847545	53.11302132723356
09:15	65.0	43.16645471186622	16.751775472310868	0.0	0.0	9.175629285851917	13.432620738911586	38.241045920798975	50.19840085775321	50.50013733604783	41.72097089394392	0.0	39.4720903694686	39.73439849565437	53.11302132723356
09:20	65.0	43.16645471186622	16.751775472310868	0.0	0.0	9.175629285851917	13.432620738911586	36.44363254169601	50.19840085775321	50.50013733604783	40.9470275377985	0.0	37.52134750620502	37.825324152812634	53.11302132723356
09:25	65.0	43.16645471186622	16.751775472310868	0.0	0.0	9.175629285851917	13.432620738911586	34.56852466077637	50.19840085775321	50.50013733604783	40.35741105438048	0.0	36.089544471909186	35.96913852018991	53.11302132723356
09:30	65.0	43.16645471186622	16.751775472310868	0.0	0.0	9.175629285851917	13.432620738911586	32.6762284430705	50.19840085775321	50.50013733604783	39.82743911145862	0.0	34.464894843648985	34.45428939507897	53.11302132723356
09:35	65.0	43.16645471186622	16.751775472310868	0.0	0.0	9.175629285851917	13.432620738911586	31.51229244970368	50.19840085775321	50.50013733604783	39.82743911145862	0.0	33.77404245297777	33.40768686951503	53.11302132723356
09:40	65.0	43.16645471186622	16.751775472310868	0.0	0.0	9.175629285851917	13.432620738911586	31.11489099127094	50.19840085775321	50.50013733604783	39.82743911145862	0.0	33.126080996892135	32.58813338573842	53.11302132723356
09:45	65.0	43.16645471186622	16.751775472310868	0.0	0.0	9.175629285851917	13.432620738911586	31.11489099127094	50.19840085775321	50.50013733604783	39.82743911145862	0.0	32.12000756468919	31.797315293336716	53.11302132723356
09:50	65.0	43.16645471186622	16.751775472310868	0.0	0.0	9.175629285851917	13.432620738911586	31.11489099127094	50.19840085775321	50.50013733604783	39.82743911145862	0.0	31.757709757639024	30.879960615286123	53.11302132723356
09:55	65.0	43.16645471186622	16.751775472310868	0.0	0.0	9.175629285851917	13.432620738911586	31.11489099127094	50.19840085775321	50.50013733604783	39.82743911145862	0.0	31.757709757639024	30.243566705070958	53.11302132723356
10:00	65.0	43.16645471186622	16.751775472310868	0.0	0.0	9.175629285851917	13.432620738911586	31.11489099127094	50.19840085775321	50.50013733604783	39.82743911145862	0.0	31.757709757639024	29.094841644134913	53.11302132723356
10:05	65.0	43.16645471186622	16.751775472310868	0.0	0.0	9.175629285851917	13.432620738911586	31.11489099127094	50.19840085775321	50.50013733604783	39.82743911145862	0.0	31.757709757639024	28.912475247767986	53.11302132723356
10:10	65.0	43.16645471186622	16.751775472310868	0.0	0.0	9.175629285851917	13.432620738911586	31.11489099127094	50.19840085775321	50.50013733604783	39.82743911145862	0.0	31.757709757639024	28.912475247767986	53.11302132723356
10:15	65.0	43.16645471186622	16.751775472310868	0.0	0.0	9.175629285851917	13.432620738911586	31.11489099127094	50.19840085775321	50.50013733604783	39.82743911145862	0.0	31.757709757639024	28.912475247767986	53.11302132723356
10:20	65.0	43.16645471186622	16.751775472310868	0.0	0.0	9.175629285851917	13.432620738911586	31.11489099127094	50.19840085775321	50.50013733604783	39.82743911145862	0.0	31.757709757639024	28.912475247767986	53.11302132723356
10:25	65.0	43.16645471186622	16.751775472310868	0.0	0.0	9.175629285851917	13.432620738911586	31.11489099127094	50.19840085775321	50.50013733604783	39.82743911145862	0.0	31.757709757639024	28.912475247767986	53.11302132723356
10:30	65.0	43.16645471186622	16.751775472310868	0.0	0.0	9.175629285851917	13.432620738911586	31.11489099127094	50.19840085775321	50.50013733604783	39.82743911145862	0.0	31.757709757639024	28.912475247767986	53.11302132723356
10:35	65.0	43.16645471186622	16.751775472310868	0.0	0.0	9.175629285851917	13.432620738911586	31.11489099127094	50.19840085775321	50.50013733604783	39.82743911145862	0.0	31.757709757639024	28.912475247767986	53.11302132723356
10:40	65.0	43.16645471186622	16.751775472310868	0.0	0.0	9.175629285851917	13.432620738911586	31.11489099127094	50.19840085775321	50.50013733604783	39.82743911145862	0.0	31.757709757639024	28.912475247767986	53.11302132723356
10:45	65.0	43.16645471186622	16.751775472310868	0.0	0.0	9.175629285851917	13.432620738911586	31.11489099127094	50.19840085775321	50.50013733604783	39.82743911145862	0.0	31.757709757639024	28.912475247767986	53.11302132723356
10:50	65.0	43.16645471186622	16.751775472310868	0.0	0.0	9.175629285851917	13.432620738911586	31.11489099127094	50.19840085775321	50.50013733604783	39.82743911145862	0.0	31.757709757639024	28.912475247767986	53.11302132723356
10:55	65.0	43.16645471186622	16.751775472310868	0.0	0.0	9.175629285851917	13.432620738911586	31.11489099127094	50.19840085775321	50.50013733604783	39.82743911145862	0.0	31.757709757639024	28.912475247767986	53.11302132723356
11:00	65.0	43.16645471186622	16.751775472310868	0.0	0.0	9.175629285851917	13.432620738911586	31.11489099127094	50.19840085775321	50.50013733604783	39.82743911145862	0.0	31.757709757639024	28.912475247767986	53.11302132723356
11:05	65.0	43.16645471186622	16.751775472310868	0.0	0.0	9.175629285851917	13.432620738911586	31.11489099127094	50.19840085775321	50.50013733604783	39.82743911145862	0.0	31.757709757639024	28.912475247767986	53.11302132723356
11:10	65.0	43.16645471186622	16.751775472310868	0.0	0.0	9.175629285851917	13.432620738911586	31.11489099127094	50.19840085775321	50.50013733604783	39.82743911145862	0.0	31.757709757639024	28.912475247767986	53.11302132723356
11:15	65.0	43.16645471186622	16.751775472310868	0.0	0.0	9.175629285851917	13.432620738911586	31.11489099127094	50.19840085775321	50.50013733604783	39.82743911145862	0.0	31.757709757639024	28.912475247767986	53.11302132723356
11:20	65.0	43.16645471186622	16.751775472310868	0.0	0.0	9.175629285851917	13.432620738911586	31.11489099127094	50.19840085775321	50.50013733604783	39.82743911145862	0.0	31.757709757639024	28.912475247767986	53.11302132723356
11:25	65.0	43.16645471186622	16.751775472310868	0.0	0.0	9.175629285851917	13.432620738911586	31.11489099127094	50.19840085775321	50.50013733604783	39.82743911145862	0.0	31.757709757639024	28.912475247767986	53.11302132723356
11:30	65.0	43.16645471186622	16.751775472310868	0.0	0.0	9.175629285851917	13.432620738911586	31.11489099127094	50.19840085775321	50.50013733604783	39.82743911145862	0.0	31.757709757639024	28.912475247767986	53.11302132723356
11:35	65.0	43.16645471186622	16.751775472310868	0.0	0.0	9.175629285851917	13.432620738911586	31.11489099127094	50.19840085775321	50.50013733604783	39.82743911145862	0.0	31.757709757639024	28.912475247767986	53.11302132723356
11:40	65.0	43.16645471186622	16.751775472310868	0.0	0.0	9.175629285851917	13.432620738911586	31.11489099127094	50.19840085775321	50.50013733604783	39.82743911145862	0.0	31.757709757639024	28.912475247767986	53.11302132723356
11:45	65.0	43.16645471186622	16.751775472310868	0.0	0.0	9.175629285851917	13.432620738911586	31.11489099127094	50.19840085775321	50.50013733604783	39.82743911145862	0.0	31.757709757639024	28.912475247767986	53.11302132723356
11:50	65.0	43.16645471186622	16.751775472310868	0.0	0.0	9.175629285851917	13.432620738911586	31.11489099127094	50.19840085775321	50.50013733604783	39.82743911145862	0.0	31.757709757639024	28.912475247767986	53.11302132723356
11:55	65.0	43.16645471186622	16.751775472310868	0.0	0.0	9.175629285851917	13.432620738911586	31.11489099127094	50.19840085775321	50.50013733604783	39.82743911145862	0.0	31.757709757639024	28.912475247767986	53.11302132723356
12:00	65.0	43.16645471186622	16.751775472310868	0.0	0.0	9.175629285851917	13.432620738911586	31.11489099127094	50.19840085775321	50.50013733604783	39.82743911145862	0.0	31.757709757639024	28.912475247767986	53.11302132723356
12:05	65.0	43.16645471186622	16.751775472310868	0.0	0.0	9.175629285851917	13.432620738911586	31.11489099127094	50.19840085775321	50.50013733604783	39.82743911145862	0.0	31.757709757639024	28.912475247767986	53.11302132723356
12:10	65.0	43.16645471186622	16.751775472310868	0.0	0.0	9.175629285851917	13.432620738911586	31.11489099127094	50.19840085775321	50.50013733604783	39.82743911145862	0.0	31.757709757639024	28.912475247767986	53.11302132723356
12:15	65.0	43.16645471186622	16.751775472310868	0.0	0.0	9.175629285851917	13.432620738911586	31.11489099127094	50.19840085775321	50.50013733604783	39.82743911145862	0.0	31.757709757639024	28.912475247767986	53.11302132723356
12:20	65.0	43.16645471186622	16.751775472310868	0.0	0.0	9.175629285851917	13.432620738911586	31.11489099127094	50.19840085775321	50.50013733604783	39.82743911145862	0.0	31.757709757639024	28.912475247767986	53.11302132723356
12:25	65.0	43.16645471186622	16.751775472310868	0.0	0.0	9.175629285851917	13.432620738911586	31.11489099127094	50.19840085775321	50.50013733604783	39.82743911145862	0.0	31.757709757639024	28.912475247767986	53.11302132723356
12:30	65.0	43.16645471186622	16.751775472310868	0.0	0.0	9.175629285851917	13.432620738911586	31.11489099127094	50.19840085775321	50.50013733604783	39.82743911145862	0.0	31.757709757639024	28.912475247767986	53.11302132723356
12:35	65.0	43.16645471186622	16.751775472310868	0.0	0.0	9.175629285851917	13.432620738911586	31.11489099127094	50.19840085775321	50.50013733604783	39.82743911145862	0.0	31.757709757639024	28.912475247767986	53.11302132723356
12:40	65.0	43.16645471186622	16.751775472310868	0.0	0.0	9.175629285851917	13.432620738911586	31.11489099127094	50.19840085775321	50.50013733604783	39.82743911145862	0.0	31.757709757639024	28.912475247767986	53.11302132723356
12:45	65.0	43.16645471186622	16.751775472310868	0.0	0.0	9.175629285851917	13.432620738911586	31.11489099127094	50.19840085775321	50.50013733604783	39.82743911145862	0.0	31.757709757639024	28.912475247767986	53.11302132723356
12:50	65.0	43.16645471186622	16.751775472310868	0.0	0.0	9.175629285851917	13.432620738911586	31.11489099127094	50.19840085775321	50.50013733604783	39.82743911145862	0.0	31.757709757639024	28.912475247767986	53.11302132723356
12:55	65.0	43.16645471186622	16.751775472310868	0.0	0.0	9.175629285851917	13.432620738911586	31.11489099127094	50.19840085775321	50.50013733604783	39.82743911145862	0.0	31.757709757639024	28.912475247767986	53.11302132723356
13:00	65.0	43.16645471186622	16.751775472310868	0.0	0.0	9.175629285851917	13.432620738911586	31.11489099127094	50.19840085775321	50.50013733604783	39.82743911145862	0.0	31.757709757639024	28.912475247767986	53.11302132723356
13:05	65.0	43.16645471186622	16.751775472310868	0.0	0.0	9.175629285851917	13.432620738911586	31.11489099127094	50.19840085775321	50.50013733604783	39.82743911145862	0.0	31.757709757639024	28.912475247767986	53.11302132723356
13:10	65.0	43.16645471186622	16.751775472310868	0.0	0.0	9.175629285851917	13.432620738911586	31.11489099127094	50.19840085775321	50.50013733604783	39.82743911145862	0.0	31.757709757639024	28.912475247767986	53.11302132723356
13:15	65.0	43.16645471186622	16.751775472310868	0.0	0.0	9.175629285851917	13.432620738911586	31.11489099127094	50.19840085775321	50.50013733604783	39.82743911145862	0.0	31.757709757639024	28.912475247767986	53.11302132723356
13:20	65.0	43.16645471186622	16.751775472310868	0.0	0.0	9.175629285851917	13.432620738911586	31.11489099127094	50.19840085775321	50.50013733604783	39.82743911145862	0.0	31.757709757639024	28.912475247767986	53.11302132723356
13:25	65.0	43.16645471186622	16.751775472310868	0.0	0.0	9.175629285851917	13.432620738911586	31.11489099127094	50.19840085775321	50.50013733604783	39.82743911145862	0.0	31.757709757639024	28.912475247767986	53.11302132723356
13:30	65.0	43.16645471186622	16.751775472310868	0.0	0.0	9.175629285851917	13.432620738911586	31.11489099127094	50.19840085775321	50.50013733604783	39.82743911145862	0.0	31.757709757639024	28.912475247767986	53.11302132723356
13:35	65.0	43.16645471186622	16.751775472310868	0.0	0.0	9.175629285851917	13.432620738911586	31.11489099127094	50.19840085775321	50.50013733604783	39.82743911145862	0.0	31.757709757639024	28.912475247767986	53.11302132723356
13:40	65.0	43.16645471186622	16.751775472310868	0.0	0.0	9.175629285851917	13.432620738911586	31.11489099127094	50.19840085775321	50.50013733604783	39.82743911145862	0.0	31.757709757639024	28.912475247767986	53.11302132723356
13:45	65.0	43.16645471186622	16.751775472310868	0.0	0.0	9.175629285851917	13.432620738911586	31.11489099127094	50.19840085775321	50.50013733604783	39.82743911145862	0.0	31.757709757639024	28.912475247767986	53.11302132723356
13:50	65.0	43.16645471186622	16.751775472310868	0.0	0.0	9.175629285851917	13.432620738911586	31.11489099127094	50.19840085775321	50.50013733604783	39.82743911145862	0.0	31.757709757639024	28.912475247767986	53.11302132723356
13:55	65.0	43.16645471186622	16.751775472310868	0.0	0.0	9.175629285851917	13.432620738911586	31.11489099127094	50.19840085775321	50.50013733604783	39.82743911145862	0.0	31.757709757639024	28.912475247767986	53.11302132723356
14:00	65.0	43.16645471186622	16.751775472310868	0.0	0.0	9.175629285851917	13.432620738911586	31.11489099127094	50.19840085775321	50.50013733604783	39.82743911145862	0.0	31.757709757639024	28.912475247767986	53.11302132723356
14:05	65.0	43.16645471186622	16.751775472310868	0.0	0.0	9.175629285851917	13.432620738911586	31.11489099127094	50.19840085775321	50.50013733604783	39.82743911145862	0.0	31.757709757639024	28.912475247767986	53.11302132723356
14:10	65.0	43.16645471186622	16.751775472310868	0.0	0.0	9.175629285851917	13.432620738911586	31.11489099127094	50.19840085775321	50.50013733604783	39.82743911145862	0.0	31.757709757639024	28.912475247767986	53.11302132723356
14:15	65.0	43.16645471186622	16.751775472310868	0.0	0.0	9.175629285851917	13.432620738911586	31.11489099127094	50.19840085775321	50.50013733604783	39.82743911145862	0.0	31.757709757639024	28.912475247767986	53.11302132723356
14:20	65.0	43.16645471186622	16.751775472310868	0.0	0.0	9.175629285851917	13.432620738911586	31.11489099127094	50.19840085775321	50.50013733604783	39.82743911145862	0.0	31.757709757639024	28.912475247767986	53.11302132723356
14:25	65.0	43.16645471186622	16.751775472310868	0.0	0.0	9.175629285851917	13.432620738911586	31.11489099127094	50.19840085775321	50.50013733604783	39.82743911145862	0.0	31.757709757639024	28.912475247767986	53.11302132723356
14:30	65.0	43.16645471186622	16.751775472310868	0.0	0.0	9.175629285851917	13.432620738911586	31.11489099127094	50.19840085775321	50.50013733604783	39.82743911145862	0.0	31.757709757639024	28.912475247767986	53.11302132723356
14:35	65.0	43.16645471186622	16.751775472310868	0.0	0.0	9.175629285851917	13.432620738911586	31.11489099127094	50.19840085775321	50.50013733604783	39.82743911145862	0.0	31.757709757639024	28.912475247767986	53.11302132723356
14:40	65.0	43.16645471186622	16.751775472310868	0.0	0.0	9.175629285851917	13.432620738911586	31.11489099127094	50.19840085775321	50.50013733604783	39.82743911145862	0.0	31.757709757639024	28.912475247767986	53.11302132723356
14:45	65.0	43.16645471186622	16.751775472310868	0.0	0.0	9.175629285851917	13.432620738911586	31.11489099127094	50.19840085775321	50.50013733604783	39.82743911145862	0.0	31.757709757639024	28.912475247767986	53.11302132723356
14:50	65.0	43.16645471186622	16.751775472310868	0.0	0.0	9.175629285851917	13.432620738911586	31.11489099127094	50.19840085775321	50.50013733604783	39.82743911145862	0.0	31.757709757639024	28.912475247767986	53.11302132723356
14:55	65.0	43.16645471186622	16.751775472310868	0.0	0.0	9.175629285851917	13.432620738911586	31.11489099127094	50.19840085775321	50.50013733604783	39.82743911145862	0.0	31.757709757639024	28.912475247767986	53.11302132723356
15:00	65.0	43.16645471186622	16.751775472310868	0.0	0.0	9.175629285851917	13.432620738911586	31.11489099127094	50.19840085775321	50.50013733604783	39.82743911145862	0.0	31.757709757639024	28.912475247767986	53.11302132723356
15:05	65.0	43.16645471186622	16.751775472310868	0.0	0.0	9.175629285851917	13.432620738911586	31.11489099127094	50.19840085775321	50.50013733604783	39.82743911145862	0.0	31.757709757639024	28.912475247767986	53.11302132723356
15:10	65.0	43.16645471186622	16.751775472310868	0.0	0.0	9.175629285851917	13.432620738911586	31.11489099127094	50.19840085775321	50.50013733604783	39.82743911145862	0.0	31.757709757639024	28.912475247767986	53.11302132723356
15:15	65.0	43.16645471186622	16.751775472310868	0.0	0.0	9.175629285851917	13.432620738911586	31.11489099127094	50.19840085775321	50.50013733604783	39.82743911145862	0.0	31.757709757639024	28.912475247767986	53.11302132723356
15:20	65.0	43.16645471186622	16.751775472310868	0.0	0.0	9.175629285851917	13.432620738911586	31.11489099127094	50.19840085775321	50.50013733604783	39.82743911145862	0.0	31.757709757639024	28.912475247767986	53.11302132723356
15:25	65.0	43.16645471186622	16.751775472310868	0.0	0.0	9.175629285851917	13.432620738911586	31.11489099127094	50.19840085775321	50.50013733604783	39.82743911145862	0.0	31.757709757639024	28.912475247767986	53.11302132723356
15:30	65.0	43.16645471186622	16.751775472310868	0.0	0.0	9.175629285851917	13.432620738911586	31.11489099127094	50.19840085775321	50.50013733604783	39.82743911145862	0.0	31.757709757639024	28.912475247767986	53.11302132723356
15:35	65.0	43.16645471186622	16.751775472310868	0.0	0.0	9.175629285851917	13.432620738911586	31.11489099127094	50.19840085775321	50.50013733604783	39.82743911145862	0.0	31.757709757639024	28.912475247767986	53.11302132723356
15:40	65.0	43.16645471186622	16.751775472310868	0.0	0.0	9.175629285851917	13.432620738911586	31.11489099127094	50.19840085775321	50.50013733604783	39.82743911145862	0.0	31.757709757639024	28.912475247767986	53.11302132723356
15:45	65.0	43.16645471186622	16.751775472310868	0.0	0.0	9.175629285851917	13.432620738911586	31.11489099127094	50.19840085775321	50.50013733604783	39.82743911145862	0.0	31.757709757639024	28.912475247767986	53.11302132723356
15:50	65.0	43.16645471186622	16.751775472310868	0.0	0.0	9.175629285851917	13.432620738911586	31.11489099127094	50.19840085775321	50.50013733604783	39.82743911145862	0.0	31.757709757639024	28.912475247767986	53.11302132723356
15:55	65.0	43.16645471186622	16.751775472310868	0.0	0.0	9.175629285851917	13.432620738911586	31.11489099127094	50.19840085775321	50.50013733604783	39.82743911145862	0.0	31.757709757639024	28.912475247767986	53.11302132723356
16:00	65.0	43.16645471186622	16.751775472310868	0.0	0.0	9.175629285851917	13.432620738911586	31.11489099127094	50.19840085775321	50.50013733604783	39.82743911145862	0.0	31.757709757639024	28.912475247767986	53.11302132723356
16:05	65.0	43.16645471186622	16.751775472310868	0.0	0.0	9.175629285851917	13.432620738911586	31.11489099127094	50.19840085775321	50.50013733604783	39.82743911145862	0.0	31.757709757639024	28.912475247767986	53.11302132723356
16:10	65.0	43.16645471186622	16.751775472310868	0.0	0.0	9.175629285851917	13.432620738911586	31.11489099127094	50.19840085775321	50.50013733604783	39.82743911145862	0.0	31.757709757639024	28.912475247767986	53.11302132723356
16:15	65.0	43.16645471186622	16.751775472310868	0.0	0.0	9.175629285851917	13.432620738911586	31.11489099127094	50.19840085775321	50.50013733604783	39.82743911145862	0.0	31.757709757639024	28.912475247767986	53.11302132723356
16:20	65.0	43.16645471186622	16.751775472310868	0.0	0.0	9.175629285851917	13.432620738911586	31.11489099127094	50.19840085775321	50.50013733604783	39.82743911145862	0.0	31.757709757639024	28.912475247767986	53.11302132723356
16:25	65.0	43.16645471186622	16.751775472310868	0.0	0.0	9.175629285851917	13.432620738911586	31.11489099127094	50.19840085775321	50.50013733604783	39.82743911145862	0.0	31.757709757639024	28.912475247767986	53.11302132723356
16:30	65.0	43.16645471186622	16.751775472310868	0.0	0.0	9.175629285851917	13.432620738911586	31.11489099127094	50.19840085775321	50.50013733604783	39.82743911145862	0.0	31.757709757639024	28.912475247767986	53.11302132723356
16:35	65.0	43.16645471186622	16.751775472310868	0.0	0.0	9.175629285851917	13.432620738911586	31.11489099127094	50.19840085775321	50.50013733604783	39.82743911145862	0.0	31.757709757639024	28.912475247767986	53.11302132723356
16:40	65.0	43.16645471186622	16.751775472310868	0.0	0.0	9.175629285851917	13.432620738911586	31.11489099127094	50.19840085775321	50.50013733604783	39.82743911145862	0.0	31.757709757639024	28.912475247767986	53.11302132723356
16:45	65.0	43.16645471186622	16.751775472310868	0.0	0.0	9.175629285851917	13.432620738911586	31.11489099127094	50.19840085775321	50.50013733604783	39.82743911145862	0.0	31.757709757639024	28.912475247767986	53.11302132723356
16:50	65.0	43.16645471186622	16.751775472310868	0.0	0.0	9.175629285851917	13.432620738911586	31.11489099127094	50.19840085775321	50.50013733604783	39.82743911145862	0.0	31.757709757639024	28.912475247767986	53.11302132723356
16:55	65.0	43.16645471186622	16.751775472310868	0.0	0.0	9.175629285851917	13.432620738911586	31.11489099127094	50.19840085775321	50.50013733604783	39.82743911145862	0.0	31.757709757639024	28.912475247767986	53.11302132723356
17:00	65.0	43.16645471186622	16.751775472310868	0.0	0.0	9.175629285851917	13.432620738911586	31.11489099127094	50.19840085775321	50.50013733604783	39.82743911145862	0.0	31.757709757639024	28.912475247767986	53.11302132723356
17:05	65.0	42.71981441144544	16.286170205125536	0.0	0.0	8.071545811322764	12.303883943499637	30.497989665171332	49.29877814629746	49.73282085709194	39.21452898361467	0.0	30.95804373072685	28.048651797697172	52.04093362748208
17:10	65.0	42.0482817431779	15.453921309131553	0.0	0.0	6.794177070482926	11.900621882831375	29.527656135244097	48.717575412550964	48.708485253174636	38.67131879767326	0.0	30.235771031670446	27.07759442663269	50.79411761306913
17:15	65.0	41.55403721712018	14.809793153882058	0.0	0.0	5.588670916756779	10.31005587320898	27.266514237153558	47.81463937861379	48.14068356431296	37.80177007915846	0.0	29.513092500848074	26.482357296746883	49.88443153466743
17:20	65.0	39.82484673072862	13.055794542560735	0.0	0.0	5.146682065534538	8.52643555662804	25.221626401983578	47.09236667955738	47.21911512797654	36.63877712304613	0.0	28.446057086930573	25.300514165241562	49.01819303977978
17:25	65.0	38.571890043535	12.338733742588369	0.0	0.0	4.357561898768947	6.633916041826925	23.609611524152786	46.369688148735	46.23246970052625	36.11108028826968	0.0	26.572148504770293	24.669251351105917	48.01846432168085
17:30	65.0	37.56024433941247	10.254410753422597	0.0	0.0	3.6921904444098868	4.741591242525269	21.74973279337532	45.34804797992983	45.33563318933177	35.04149063376142	0.0	24.932130721184482	23.987961649630734	46.870891750755824
17:35	65.0	37.56024433941247	9.138886379016814	0.0	0.0	2.7848134038390713	2.993748236100338	20.223208576529927	43.46876773680745	44.29273715394015	32.689763070727025	0.0	23.35407998163619	22.148714037952235	45.812209549955256
17:40	65.0	37.56024433941247	8.21960957495592	0.0	0.0	1.9780718457648683	2.0892364295570376	17.989361163486	41.78872636907138	42.406039172316426	30.984297259828317	0.0	21.350832461466332	20.24460200076637	44.76286757726687
17:45	65.0	37.56024433941247	7.509801170951242	0.0	0.0	1.1952520859852027	0.0	16.328076962502834	40.21067562952309	40.57226914510298	29.432643143030973	0.0	19.53933974527183	18.383681831124157	43.82183109434271
17:50	65.0	37.56024433941247	7.509801170951242	0.0	0.0	0.0	0.0	14.149689374182147	38.207428109353245	38.956228443267555	27.41743900894903	0.0	17.594659821654265	16.554634326428506	42.85484040487296
17:55	65.0	37.56024433941247	7.509801170951242	0.0	0.0	0.0	0.0	12.90321090780671	36.88636492761704	37.130064054226565	25.00506967744433	0.0	16.040286946343734	14.849309716126882	42.041644681518456
18:00	65.0	37.56024433941247	7.509801170951242	0.0	0.0	0.0	0.0	11.100534788275896	35.57713672763882	35.87632843612958	23.295643311659976	0.0	13.978200273383473	13.0159293537596	41.20077191891642
18:05	65.0	37.56024433941247	7.509801170951242	0.0	0.0	0.0	0.0	9.40302179440668	35.53291694810694	35.03653324753682	21.516688237847777	0.0	12.265771341094986	11.18698854959246	41.20077191891642
18:10	65.0	37.56024433941247	7.509801170951242	0.0	0.0	0.0	0.0	7.395652177590896	35.53291694810694	34.99725133034549	19.577855206455617	0.0	10.788569820142076	9.305113232970472	41.20077191891642
18:15	65.0	37.56024433941247	7.509801170951242	0.0	0.0	0.0	0.0	5.478422755176731	35.53291694810694	34.99725133034549	17.412266047243996	0.0	8.88961788408452	7.449439001343243	41.20077191891642
18:20	65.0	37.56024433941247	7.509801170951242	0.0	0.0	0.0	0.0	4.173899990526749	35.53291694810694	34.99725133034549	16.233656686489912	0.0	7.560937986106383	5.743063706700631	41.20077191891642
18:25	65.0	37.56024433941247	7.509801170951242	0.0	0.0	0.0	0.0	2.0107509717029104	35.53291694810694	34.99725133034549	16.233656686489912	0.0	6.115510277793164	3.8942311482912797	41.20077191891642
18:30	65.0	37.56024433941247	7.509801170951242	0.0	0.0	0.0	0.0	0.21612332191981226	35.53291694810694	34.99725133034549	16.233656686489912	0.0	4.28133507703314	1.969929078855202	41.20077191891642
18:35	65.0	37.56024433941247	7.509801170951242	0.0	0.0	0.0	0.0	0.0	35.53291694810694	34.99725133034549	16.233656686489912	0.0	2.151409454439507	0.05645506998934887	41.20077191891642
18:40	65.0	37.56024433941247	7.509801170951242	0.0	0.0	0.0	0.0	0.0	35.53291694810694	34.99725133034549	16.233656686489912	0.0	1.4412348568817606	0.0	41.20077191891642
18:45	65.0	37.56024433941247	7.509801170951242	0.0	0.0	0.0	0.0	0.0	35.53291694810694	34.99725133034549	16.233656686489912	0.0	0.7133423716014775	0.0	41.20077191891642
18:50	65.0	37.56024433941247	7.509801170951242	0.0	0.0	0.0	0.0	0.0	35.53291694810694	34.99725133034549	16.233656686489912	0.0	0.0	0.0	41.20077191891642
18:55	65.0	37.56024433941247	7.509801170951242	0.0	0.0	0.0	0.0	0.0	35.53291694810694	34.99725133034549	16.233656686489912	0.0	0.0	0.0	41.20077191891642
19:00	65.0	37.56024433941247	7.509801170951242	0.0	0.0	0.0	0.0	0.0	35.53291694810694	34.99725133034549	16.233656686489912	0.0	0.0	0.0	41.20077191891642
19:05	65.0	37.56024433941247	7.509801170951242	0.0	0.0	0.0	0.0	0.0	35.53291694810694	34.99725133034549	16.233656686489912	0.0	0.0	0.0	41.20077191891642
19:10	65.0	37.56024433941247	7.509801170951242	0.0	0.0	0.0	0.0	0.0	35.53291694810694	34.99725133034549	16.233656686489912	0.0	0.0	0.0	41.20077191891642
19:15	65.0	37.56024433941247	7.509801170951242	0.0	0.0	0.0	0.0	0.0	35.53291694810694	34.99725133034549	16.233656686489912	0.0	0.0	0.0	41.20077191891642
19:20	65.0	37.56024433941247	7.509801170951242	0.0	0.0	0.0	0.0	0.0	35.53291694810694	34.99725133034549	16.233656686489912	0.0	0.0	0.0	41.20077191891642
19:25	65.0	37.56024433941247	7.509801170951242	0.0	0.0	0.0	0.0	0.0	35.53291694810694	34.99725133034549	16.233656686489912	0.0	0.0	0.0	41.20077191891642
19:30	65.0	37.56024433941247	7.509801170951242	0.0	0.0	0.0	0.0	0.0	35.53291694810694	34.99725133034549	16.233656686489912	0.0	0.0	0.0	41.20077191891642
19:35	65.0	37.56024433941247	7.509801170951242	0.0	0.0	0.0	0.0	0.0	35.53291694810694	34.99725133034549	16.233656686489912	0.0	0.0	0.0	41.20077191891642
19:40	65.0	37.56024433941247	7.509801170951242	0.0	0.0	0.0	0.0	0.0	35.53291694810694	34.99725133034549	16.233656686489912	0.0	0.0	0.0	41.20077191891642
19:45	65.0	37.56024433941247	7.509801170951242	0.0	0.0	0.0	0.0	0.0	35.53291694810694	34.99725133034549	16.233656686489912	0.0	0.0	0.0	41.20077191891642
19:50	65.0	37.56024433941247	7.509801170951242	0.0	0.0	0.0	0.0	0.0	35.53291694810694	34.99725133034549	16.233656686489912	0.0	0.0	0.0	41.20077191891642
19:55	65.0	37.56024433941247	7.509801170951242	0.0	0.0	0.0	0.0	0.0	35.53291694810694	34.99725133034549	16.233656686489912	0.0	0.0	0.0	41.20077191891642
20:00	65.0	37.56024433941247	7.509801170951242	0.0	0.0	0.0	0.0	0.0	35.53291694810694	34.99725133034549	16.233656686489912	0.0	0.0	0.0	41.20077191891642
20:05	65.0	37.56024433941247	7.509801170951242	0.0	0.0	0.0	0.0	0.0	35.53291694810694	34.99725133034549	16.233656686489912	0.0	0.0	0.0	41.20077191891642
20:10	65.0	37.56024433941247	7.509801170951242	0.0	0.0	0.0	0.0	0.0	35.53291694810694	34.99725133034549	16.233656686489912	0.0	0.0	0.0	41.20077191891642
20:15	65.0	37.56024433941247	7.509801170951242	0.0	0.0	0.0	0.0	0.0	35.53291694810694	34.99725133034549	16.233656686489912	0.0	0.0	0.0	41.20077191891642
20:20	65.0	37.56024433941247	7.509801170951242	0.0	0.0	0.0	0.0	0.0	35.53291694810694	34.99725133034549	16.233656686489912	0.0	0.0	0.0	41.20077191891642
20:25	65.0	37.56024433941247	7.509801170951242	0.0	0.0	0.0	0.0	0.0	35.53291694810694	34.99725133034549	16.233656686489912	0.0	0.0	0.0	41.20077191891642
20:30	65.0	37.56024433941247	7.509801170951242	0.0	0.0	0.0	0.0	0.0	35.53291694810694	34.99725133034549	16.233656686489912	0.0	0.0	0.0	41.20077191891642
20:35	65.0	37.56024433941247	7.509801170951242	0.0	0.0	0.0	0.0	0.0	35.53291694810694	34.99725133034549	16.233656686489912	0.0	0.0	0.0	41.20077191891642
20:40	65.0	37.56024433941247	7.509801170951242	0.0	0.0	0.0	0.0	0.0	35.53291694810694	34.99725133034549	16.233656686489912	0.0	0.0	0.0	41.20077191891642
20:45	65.0	37.56024433941247	7.509801170951242	0.0	0.0	0.0	0.0	0.0	35.53291694810694	34.99725133034549	16.233656686489912	0.0	0.0	0.0	41.20077191891642
