time	1	2	3	4	5	6	7	8	9	10
00:00	4.9027781877810455	5.0	5.0	5.0	0.0	3.848126822083526	0.0	5.0	5.0	3.112003513568837
00:05	4.9027781877810455	5.0	5.0	5.0	0.0	3.848126822083526	0.0	5.0	5.0	3.112003513568837
00:10	4.9027781877810455	5.0	5.0	5.0	0.0	3.848126822083526	0.0	5.0	5.0	3.112003513568837
00:15	4.9027781877810455	5.0	5.0	5.0	0.0	3.848126822083526	0.0	5.0	5.0	3.112003513568837
00:20	4.9027781877810455	5.0	5.0	5.0	0.0	3.848126822083526	0.0	5.0	5.0	3.112003513568837
00:25	4.9027781877810455	5.0	5.0	5.0	0.0	3.848126822083526	0.0	5.0	5.0	3.112003513568837
00:30	4.9027781877810455	5.0	5.0	5.0	0.0	3.848126822083526	0.0	5.0	5.0	3.112003513568837
00:35	4.9027781877810455	5.0	5.0	5.0	0.0	3.848126822083526	0.0	5.0	5.0	3.112003513568837
00:40	4.9027781877810455	5.0	5.0	5.0	0.0	3.848126822083526	0.0	5.0	5.0	3.112003513568837
00:45	4.9027781877810455	5.0	5.0	5.0	0.0	3.848126822083526	0.0	5.0	5.0	3.112003513568837
00:50	4.9027781877810455	5.0	5.0	5.0	0.0	3.848126822083526	0.0	5.0	5.0	3.112003513568837
00:55	4.9027781877810455	5.0	5.0	5.0	0.0	3.848126822083526	0.0	5.0	5.0	3.112003513568837
01:00	4.9027781877810455	5.0	5.0	5.0	0.0	3.848126822083526	0.0	5.0	5.0	3.112003513568837
01:05	4.9027781877810455	5.0	5.0	5.0	0.0	3.848126822083526	0.0	5.0	5.0	3.112003513568837
01:10	4.9027781877810455	5.0	5.0	5.0	0.0	3.848126822083526	0.0	5.0	5.0	3.112003513568837
01:15	4.9027781877810455	5.0	5.0	5.0	0.0	3.848126822083526	0.0	5.0	5.0	3.112003513568837
01:20	4.9027781877810455	5.0	5.0	5.0	0.0	3.848126822083526	0.0	5.0	5.0	3.112003513568837
01:25	4.9027781877810455	5.0	5.0	5.0	0.0	3.848126822083526	0.0	5.0	5.0	3.112003513568837
01:30	4.9027781877810455	5.0	5.0	5.0	0.0	3.848126822083526	0.0	5.0	5.0	3.112003513568837
01:35	4.9027781877810455	5.0	5.0	5.0	0.0	3.848126822083526	0.0	5.0	5.0	3.112003513568837
01:40	4.9027781877810455	5.0	5.0	5.0	0.0	3.848126822083526	0.0	5.0	5.0	3.112003513568837
01:45	4.9027781877810455	5.0	5.0	5.0	0.0	3.848126822083526	0.0	5.0	5.0	3.112003513568837
01:50	4.9027781877810455	5.0	5.0	5.0	0.0	3.848126822083526	0.0	5.0	5.0	3.112003513568837
01:55	4.9027781877810455	5.0	5.0	5.0	0.0	3.848126822083526	0.0	5.0	5.0	3.112003513568837
02:00	4.9027781877810455	5.0	5.0	5.0	0.0	3.848126822083526	0.0	5.0	5.0	3.112003513568837
02:05	4.9027781877810455	5.0	5.0	5.0	0.0	3.848126822083526	0.0	5.0	5.0	3.112003513568837
02:10	4.9027781877810455	5.0	5.0	5.0	0.0	3.848126822083526	0.0	5.0	5.0	3.112003513568837
02:15	4.9027781877810455	5.0	5.0	5.0	0.0	3.848126822083526	0.0	5.0	5.0	3.112003513568837
02:20	4.9027781877810455	5.0	5.0	5.0	0.0	3.848126822083526	0.0	5.0	5.0	3.112003513568837
02:25	4.9027781877810455	5.0	5.0	5.0	0.0	3.848126822083526	0.0	5.0	5.0	3.112003513568837
02:30	4.9027781877810455	5.0	5.0	5.0	0.0	3.848126822083526	0.0	5.0	5.0	3.112003513568837
02:35	4.9027781877810455	5.0	5.0	5.0	0.0	3.848126822083526	0.0	5.0	5.0	3.112003513568837
02:40	4.9027781877810455	5.0	5.0	5.0	0.0	3.848126822083526	0.0	5.0	5.0	3.112003513568837
02:45	4.9027781877810455	5.0	5.0	5.0	0.0	3.848126822083526	0.0	5.0	5.0	3.112003513568837
02:50	4.9027781877810455	5.0	5.0	5.0	0.0	3.848126822083526	0.0	5.0	5.0	3.112003513568837
02:55	4.9027781877810455	5.0	5.0	5.0	0.0	3.848126822083526	0.0	5.0	5.0	3.112003513568837
03:00	4.9027781877810455	5.0	5.0	5.0	0.0	3.848126822083526	0.0	5.0	5.0	3.112003513568837
03:05	4.9027781877810455	5.0	5.0	5.0	0.0	3.848126822083526	0.0	5.0	5.0	3.112003513568837
03:10	4.9027781877810455	5.0	5.0	5.0	0.0	3.848126822083526	0.0	5.0	5.0	3.112003513568837
03:15	4.9027781877810455	5.0	5.0	5.0	0.0	3.848126822083526	0.0	5.0	5.0	3.112003513568837
03:20	4.9027781877810455	5.0	5.0	5.0	0.0	3.848126822083526	0.0	5.0	5.0	3.112003513568837
03:25	4.9027781877810455	5.0	5.0	5.0	0.0	3.848126822083526	0.0	5.0	5.0	3.112003513568837
03:30	4.9027781877810455	5.0	5.0	5.0	0.0	3.848126822083526	0.0	5.0	5.0	3.112003513568837
03:35	4.9027781877810455	5.0	5.0	5.0	0.0	3.848126822083526	0.0	5.0	5.0	3.112003513568837
03:40	4.9027781877810455	5.0	5.0	5.0	0.0	3.848126822083526	0.0	5.0	5.0	3.112003513568837
03:45	4.9027781877810455	5.0	5.0	5.0	0.0	3.848126822083526	0.0	5.0	5.0	3.112003513568837
03:50	4.9027781877810455	5.0	5.0	5.0	0.0	3.848126822083526	0.0	5.0	5.0	3.112003513568837
03:55	4.9027781877810455	5.0	5.0	5.0	0.0	3.848126822083526	0.0	5.0	5.0	3.112003513568837
04:00	4.9027781877810455	5.0	5.0	5.0	0.0	3.848126822083526	0.0	5.0	5.0	3.112003513568837
04:05	4.9027781877810455	5.0	5.0	5.0	0.0	3.848126822083526	0.0	5.0	5.0	3.112003513568837
04:10	4.9027781877810455	5.0	5.0	5.0	0.0	3.848126822083526	0.0	5.0	5.0	3.112003513568837
04:15	4.9027781877810455	5.0	5.0	5.0	0.0	3.848126822083526	0.0	5.0	5.0	3.112003513568837
04:20	4.9027781877810455	5.0	5.0	5.0	0.0	3.848126822083526	0.0	5.0	5.0	3.112003513568837
04:25	4.9027781877810455	5.0	5.0	5.0	0.0	3.848126822083526	0.0	5.0	5.0	3.112003513568837
04:30	4.9027781877810455	5.0	5.0	5.0	0.0	3.848126822083526	0.0	5.0	5.0	3.112003513568837
04:35	4.9027781877810455	5.0	5.0	5.0	0.0	3.848126822083526	0.0	5.0	5.0	3.112003513568837
04:40	4.9027781877810455	5.0	5.0	5.0	0.0	3.848126822083526	0.0	5.0	5.0	3.112003513568837
04:45	4.9027781877810455	5.0	5.0	5.0	0.0	3.848126822083526	0.0	5.0	5.0	3.112003513568837
04:50	4.9027781877810455	5.0	5.0	5.0	0.0	3.848126822083526	0.0	5.0	5.0	3.112003513568837
04:55	4.9027781877810455	5.0	5.0	5.0	0.0	3.848126822083526	0.0	5.0	5.0	3.112003513568837
05:00	4.9027781877810455	5.0	5.0	5.0	0.0	3.848126822083526	0.0	5.0	5.0	3.112003513568837
05:05	4.9027781877810455	5.0	5.0	5.0	0.0	3.848126822083526	0.0	5.0	5.0	3.112003513568837
05:10	4.9027781877810455	5.0	5.0	5.0	0.0	3.848126822083526	0.0	5.0	5.0	3.112003513568837
05:15	4.9027781877810455	5.0	5.0	5.0	0.0	3.848126822083526	0.0	5.0	5.0	3.112003513568837
05:20	4.9027781877810455	5.0	5.0	5.0	0.0	3.848126822083526	0.0	5.0	5.0	3.112003513568837
05:25	4.9027781877810455	5.0	5.0	5.0	0.0	3.848126822083526	0.0	5.0	5.0	3.112003513568837
05:30	4.9027781877810455	5.0	5.0	5.0	0.0	3.848126822083526	0.0	5.0	5.0	3.112003513568837
05:35	4.9027781877810455	5.0	5.0	5.0	0.0	3.848126822083526	0.0	5.0	5.0	3.112003513568837
05:40	4.9027781877810455	5.0	5.0	5.0	0.0	3.848126822083526	0.0	5.0	5.0	3.112003513568837
05:45	4.9027781877810455	5.0	5.0	5.0	0.0	3.848126822083526	0.0	5.0	5.0	3.112003513568837
05:50	4.9027781877810455	5.0	5.0	5.0	0.0	3.848126822083526	0.0	5.0	5.0	3.112003513568837
05:55	4.9027781877810455	5.0	5.0	5.0	0.0	3.848126822083526	0.0	5.0	5.0	3.112003513568837
06:00	4.9027781877810455	5.0	5.0	5.0	0.0	3.848126822083526	0.0	5.0	5.0	3.112003513568837
06:05	4.9027781877810455	5.0	5.0	5.0	0.0	3.848126822083526	0.0	5.0	5.0	3.112003513568837
06:10	4.9027781877810455	5.0	5.0	5.0	0.0	3.848126822083526	0.0	5.0	5.0	3.112003513568837
06:15	4.9027781877810455	5.0	5.0	5.0	0.0	3.848126822083526	0.0	5.0	5.0	3.112003513568837
06:20	4.9027781877810455	5.0	5.0	5.0	0.0	3.848126822083526	0.0	5.0	5.0	3.112003513568837
06:25	4.9027781877810455	5.0	5.0	5.0	0.0	3.848126822083526	0.0	5.0	5.0	3.112003513568837
06:30	4.9027781877810455	5.0	5.0	5.0	0.0	3.848126822083526	0.0	5.0	5.0	3.112003513568837
06:35	4.9027781877810455	5.0	5.0	5.0	0.0	3.848126822083526	0.0	5.0	5.0	3.112003513568837
06:40	4.9027781877810455	5.0	5.0	5.0	0.0	3.848126822083526	0.0	5.0	5.0	3.112003513568837
06:45	4.9027781877810455	5.0	5.0	5.0	0.0	3.848126822083526	0.0	5.0	5.0	3.112003513568837
06:50	4.9027781877810455	5.0	5.0	5.0	0.0	3.848126822083526	0.0	5.0	5.0	3.112003513568837
06:55	4.9027781877810455	5.0	5.0	5.0	0.0	3.848126822083526	0.0	5.0	5.0	3.112003513568837
07:00	4.9027781877810455	5.0	5.0	5.0	0.0	3.848126822083526	0.0	5.0	5.0	3.112003513568837
07:05	4.9027781877810455	5.0	5.0	5.0	0.0	3.848126822083526	0.0	5.0	5.0	3.112003513568837
07:10	4.9027781877810455	5.0	5.0	5.0	0.0	3.848126822083526	0.0	5.0	5.0	3.112003513568837
07:15	4.9027781877810455	5.0	5.0	5.0	0.0	3.848126822083526	0.0	5.0	5.0	3.112003513568837
07:20	4.9027781877810455	5.0	5.0	5.0	0.0	3.848126822083526	0.0	5.0	5.0	3.112003513568837
07:25	4.9027781877810455	5.0	5.0	5.0	0.0	3.848126822083526	0.0	5.0	5.0	3.112003513568837
07:30	4.9027781877810455	5.0	5.0	5.0	0.0	3.848126822083526	0.0	5.0	5.0	3.112003513568837
07:35	4.9027781877810455	5.0	5.0	5.0	0.0	3.848126822083526	0.0	5.0	5.0	3.112003513568837
07:40	4.9027781877810455	5.0	5.0	5.0	0.0	3.848126822083526	0.0	5.0	5.0	3.112003513568837
07:45	4.9027781877810455	5.0	5.0	5.0	0.0	3.848126822083526	0.0	5.0	5.0	3.112003513568837
07:50	4.9027781877810455	5.0	5.0	5.0	0.0	3.848126822083526	0.0	5.0	5.0	3.112003513568837
07:55	4.9027781877810455	5.0	5.0	5.0	0.0	3.848126822083526	0.0	5.0	5.0	3.112003513568837
08:00	4.9027781877810455	5.0	5.0	5.0	0.0	3.848126822083526	0.0	5.0	5.0	3.112003513568837
08:05	4.9027781877810455	5.0	5.0	5.0	0.0	3.848126822083526	0.0	5.0	5.0	3.112003513568837
08:10	4.9027781877810455	5.0	5.0	5.0	0.0	3.848126822083526	0.0	5.0	5.0	3.112003513568837
08:15	4.9027781877810455	5.0	5.0	5.0	0.0	3.848126822083526	0.0	5.0	5.0	3.112003513568837
08:20	4.9027781877810455	5.0	5.0	5.0	0.0	3.848126822083526	0.0	5.0	5.0	3.112003513568837
08:25	4.9027781877810455	5.0	5.0	5.0	0.0	3.848126822083526	0.0	5.0	5.0	3.112003513568837
08:30	4.9027781877810455	5.0	5.0	5.0	0.0	3.848126822083526	0.0	5.0	5.0	3.112003513568837
08:35	4.9027781877810455	5.0	5.0	5.0	0.0	3.848126822083526	0.0	5.0	5.0	3.112003513568837
08:40	4.9027781877810455	5.0	5.0	5.0	0.0	3.848126822083526	0.0	5.0	5.0	3.112003513568837
08:45	4.9027781877810455	5.0	5.0	5.0	0.0	3.848126822083526	0.0	5.0	5.0	3.112003513568837
08:50	4.9027781877810455	5.0	5.0	5.0	0.0	3.848126822083526	0.0	5.0	5.0	3.112003513568837
08:55	4.9027781877810455	5.0	5.0	5.0	0.0	3.848126822083526	0.0	5.0	5.0	3.112003513568837
09:00	4.9027781877810455	5.0	5.0	5.0	0.0	3.848126822083526	0.0	5.0	5.0	3.112003513568837
09:05	4.134616130621013	4.245423296160577	4.993296302379976	5.0	0.0	2.8485012980811315	0.0	5.0	4.236924837985016	3.0645089587962113
09:10	3.5524799009756336	4.002739401236676	5.0	5.0	0.09027777777777778	2.686978702339009	0.11805555555555555	5.0	3.6043258493645576	3.0645089587962113
09:15	3.5524799009756336	4.002739401236676	5.0	5.0	0.5069444444444444	3.1036453690056756	0.5347222222222222	5.0	3.6043258493645576	3.0645089587962113
09:20	3.5524799009756336	4.002739401236676	5.0	5.0	0.9236111111111112	3.5203120356723425	0.9513888888888888	5.0	3.6043258493645576	3.0645089587962113
09:25	3.5524799009756336	4.002739401236676	5.0	5.0	1.3402777777777777	3.936978702339009	1.3680555555555556	5.0	3.6043258493645576	3.0645089587962113
09:30	3.5524799009756336	4.002739401236676	5.0	5.0	1.7569444444444444	4.353645369005676	1.7847222222222223	5.0	3.6043258493645576	3.0645089587962113
09:35	3.5524799009756336	4.002739401236676	5.0	5.0	2.173611111111111	4.770312035672342	2.201388888888889	5.0	3.6043258493645576	3.0645089587962113
09:40	3.5524799009756336	4.002739401236676	5.0	5.0	2.5902777777777777	5.0	2.6180555555555554	5.0	3.6043258493645576	3.0645089587962113
09:45	3.5524799009756336	4.002739401236676	5.0	5.0	3.0069444444444446	5.0	3.0347222222222223	5.0	3.6043258493645576	3.0645089587962113
09:50	3.5524799009756336	4.002739401236676	5.0	5.0	3.423611111111111	5.0	3.451388888888889	5.0	3.6043258493645576	3.0645089587962113
09:55	3.5524799009756336	4.002739401236676	5.0	5.0	3.8402777777777777	5.0	3.8680555555555554	5.0	3.6043258493645576	3.0645089587962113
10:00	3.5524799009756336	4.002739401236676	5.0	5.0	4.256944444444445	5.0	4.284722222222222	5.0	3.6043258493645576	3.0645089587962113
10:05	3.5524799009756336	4.002739401236676	5.0	5.0	4.673611111111111	5.0	4.701388888888889	5.0	3.6043258493645576	3.0645089587962113
10:10	3.5524799009756336	4.002739401236676	5.0	5.0	5.0	5.0	5.0	5.0	3.6043258493645576	3.0645089587962113
10:15	3.5524799009756336	4.002739401236676	5.0	5.0	5.0	5.0	5.0	5.0	3.6043258493645576	3.0645089587962113
10:20	3.5524799009756336	4.002739401236676	5.0	5.0	5.0	5.0	5.0	5.0	3.6043258493645576	3.0645089587962113
10:25	3.5524799009756336	4.002739401236676	5.0	5.0	5.0	5.0	5.0	5.0	3.6043258493645576	3.0645089587962113
10:30	3.5524799009756336	4.002739401236676	5.0	5.0	5.0	5.0	5.0	5.0	3.6043258493645576	3.0645089587962113
10:35	3.5524799009756336	4.002739401236676	4.421912008277572	5.0	5.0	5.0	5.0	5.0	3.6043258493645576	3.0645089587962113
10:40	3.5524799009756336	4.002739401236676	4.190791447876699	5.0	4.748790068930583	4.877725178183909	5.0	5.0	3.6043258493645576	3.0645089587962113
10:45	3.5524799009756336	4.002739401236676	4.607458114543365	5.0	3.88644651885257	4.877725178183909	5.0	5.0	3.6043258493645576	3.0645089587962113
10:50	3.5524799009756336	4.002739401236676	5.0	5.0	3.727919560259783	4.877725178183909	5.0	5.0	3.6043258493645576	3.0645089587962113
10:55	3.5524799009756336	4.002739401236676	5.0	5.0	4.1445862269264495	4.877725178183909	5.0	5.0	3.6043258493645576	3.0645089587962113
11:00	3.5524799009756336	4.002739401236676	5.0	5.0	4.5612528935931165	4.877725178183909	5.0	5.0	3.6043258493645576	3.0645089587962113
11:05	3.5524799009756336	4.002739401236676	5.0	5.0	4.977919560259783	4.877725178183909	5.0	5.0	3.6043258493645576	3.0645089587962113
11:10	3.5524799009756336	4.002739401236676	5.0	5.0	5.0	4.877725178183909	5.0	5.0	3.6043258493645576	3.0645089587962113
11:15	3.5524799009756336	4.002739401236676	5.0	5.0	5.0	4.877725178183909	5.0	5.0	3.6043258493645576	3.0645089587962113
11:20	3.5524799009756336	4.002739401236676	5.0	5.0	5.0	4.877725178183909	5.0	5.0	3.6043258493645576	3.0645089587962113
11:25	3.5524799009756336	4.002739401236676	5.0	5.0	5.0	4.877725178183909	5.0	5.0	3.6043258493645576	3.0645089587962113
11:30	3.5524799009756336	4.002739401236676	5.0	5.0	5.0	4.877725178183909	5.0	5.0	3.6043258493645576	3.0645089587962113
11:35	3.5524799009756336	4.002739401236676	5.0	5.0	5.0	4.877725178183909	5.0	5.0	3.6043258493645576	3.0645089587962113
11:40	3.5524799009756336	4.002739401236676	5.0	5.0	5.0	4.877725178183909	5.0	5.0	3.6043258493645576	3.0645089587962113
11:45	3.5524799009756336	4.002739401236676	5.0	5.0	5.0	4.877725178183909	5.0	5.0	3.6043258493645576	3.0645089587962113
11:50	3.5524799009756336	4.002739401236676	5.0	5.0	5.0	4.877725178183909	5.0	5.0	3.6043258493645576	3.0645089587962113
11:55	3.5524799009756336	4.002739401236676	5.0	5.0	5.0	4.877725178183909	5.0	5.0	3.6043258493645576	3.0645089587962113
12:00	3.5524799009756336	4.002739401236676	5.0	5.0	5.0	4.877725178183909	5.0	5.0	3.6043258493645576	3.0645089587962113
12:05	3.5524799009756336	4.002739401236676	5.0	5.0	5.0	4.877725178183909	5.0	5.0	3.6043258493645576	3.0645089587962113
12:10	3.5524799009756336	4.002739401236676	5.0	5.0	5.0	4.877725178183909	5.0	5.0	3.6043258493645576	3.0645089587962113
12:15	3.5524799009756336	4.002739401236676	5.0	5.0	5.0	4.877725178183909	5.0	5.0	3.6043258493645576	3.0645089587962113
12:20	3.5524799009756336	4.002739401236676	5.0	5.0	5.0	4.877725178183909	5.0	5.0	3.6043258493645576	3.0645089587962113
12:25	3.5524799009756336	4.002739401236676	5.0	5.0	5.0	4.877725178183909	5.0	5.0	3.6043258493645576	3.0645089587962113
12:30	3.5524799009756336	4.002739401236676	5.0	5.0	5.0	4.877725178183909	5.0	5.0	3.6043258493645576	3.0645089587962113
12:35	3.5524799009756336	4.002739401236676	5.0	5.0	5.0	4.877725178183909	5.0	5.0	3.6043258493645576	3.0645089587962113
12:40	3.5524799009756336	4.002739401236676	5.0	5.0	5.0	4.877725178183909	5.0	5.0	3.6043258493645576	3.0645089587962113
12:45	3.5524799009756336	4.002739401236676	5.0	5.0	5.0	4.877725178183909	5.0	5.0	3.6043258493645576	3.0645089587962113
12:50	3.5524799009756336	4.002739401236676	5.0	5.0	5.0	4.877725178183909	5.0	5.0	3.6043258493645576	3.0645089587962113
12:55	3.5524799009756336	4.002739401236676	5.0	5.0	5.0	4.877725178183909	5.0	5.0	3.6043258493645576	3.0645089587962113
13:00	3.5524799009756336	4.002739401236676	5.0	5.0	5.0	4.877725178183909	5.0	5.0	3.6043258493645576	3.0645089587962113
13:05	3.5524799009756336	4.002739401236676	5.0	5.0	5.0	4.877725178183909	5.0	5.0	3.6043258493645576	3.0645089587962113
13:10	3.5524799009756336	4.002739401236676	5.0	5.0	5.0	4.877725178183909	5.0	5.0	3.6043258493645576	3.0645089587962113
13:15	3.5524799009756336	4.002739401236676	5.0	5.0	5.0	4.877725178183909	5.0	5.0	3.6043258493645576	3.0645089587962113
13:20	3.5524799009756336	4.002739401236676	5.0	5.0	5.0	4.877725178183909	5.0	5.0	3.6043258493645576	3.0645089587962113
13:25	3.5524799009756336	4.002739401236676	5.0	5.0	5.0	4.877725178183909	5.0	5.0	3.6043258493645576	3.0645089587962113
13:30	3.5524799009756336	4.002739401236676	5.0	5.0	5.0	4.877725178183909	5.0	5.0	3.6043258493645576	3.0645089587962113
13:35	3.5524799009756336	4.002739401236676	5.0	4.120470899145971	5.0	4.877725178183909	5.0	5.0	3.6043258493645576	3.0645089587962113
13:40	3.5524799009756336	4.002739401236676	4.680894417616897	4.04827903740392	5.0	4.877725178183909	5.0	5.0	3.6043258493645576	3.0645089587962113
13:45	3.5524799009756336	4.002739401236676	5.0	4.464945704070587	5.0	4.877725178183909	5.0	5.0	3.6043258493645576	3.0645089587962113
13:50	3.5524799009756336	4.002739401236676	5.0	4.881612370737253	5.0	4.877725178183909	5.0	5.0	3.6043258493645576	3.0645089587962113
13:55	3.5524799009756336	4.002739401236676	5.0	5.0	5.0	4.877725178183909	5.0	5.0	3.6043258493645576	3.0645089587962113
14:00	3.5524799009756336	4.002739401236676	5.0	5.0	5.0	4.877725178183909	5.0	5.0	3.6043258493645576	3.0645089587962113
14:05	3.5524799009756336	4.002739401236676	5.0	5.0	5.0	4.877725178183909	5.0	5.0	3.6043258493645576	3.0645089587962113
14:10	3.5524799009756336	4.002739401236676	5.0	5.0	5.0	4.877725178183909	5.0	5.0	3.6043258493645576	3.0645089587962113
14:15	3.5524799009756336	4.002739401236676	5.0	5.0	5.0	4.877725178183909	5.0	5.0	3.6043258493645576	3.0645089587962113
14:20	3.5524799009756336	4.002739401236676	5.0	5.0	5.0	4.877725178183909	5.0	5.0	3.6043258493645576	3.0645089587962113
14:25	3.5524799009756336	4.002739401236676	5.0	5.0	5.0	4.877725178183909	5.0	5.0	3.6043258493645576	3.0645089587962113
14:30	3.5524799009756336	4.002739401236676	5.0	5.0	5.0	4.877725178183909	5.0	5.0	3.6043258493645576	3.0645089587962113
14:35	3.5524799009756336	4.002739401236676	5.0	5.0	5.0	4.877725178183909	5.0	5.0	3.6043258493645576	3.0645089587962113
14:40	3.5524799009756336	4.002739401236676	5.0	5.0	5.0	4.877725178183909	5.0	5.0	3.6043258493645576	3.0645089587962113
14:45	3.5524799009756336	4.002739401236676	5.0	5.0	5.0	4.877725178183909	5.0	5.0	3.6043258493645576	3.0645089587962113
14:50	3.5524799009756336	4.002739401236676	5.0	5.0	5.0	4.877725178183909	5.0	5.0	3.6043258493645576	3.0645089587962113
14:55	3.5524799009756336	4.002739401236676	5.0	5.0	5.0	4.877725178183909	5.0	5.0	3.6043258493645576	3.0645089587962113
15:00	3.5524799009756336	4.002739401236676	5.0	5.0	5.0	4.877725178183909	5.0	5.0	3.6043258493645576	3.0645089587962113
15:05	3.5524799009756336	4.002739401236676	5.0	5.0	5.0	4.877725178183909	5.0	5.0	3.6043258493645576	3.0645089587962113
15:10	3.5524799009756336	4.002739401236676	5.0	5.0	5.0	4.877725178183909	5.0	5.0	3.6043258493645576	3.0645089587962113
15:15	3.5524799009756336	4.002739401236676	5.0	5.0	5.0	4.877725178183909	5.0	5.0	3.6043258493645576	3.0645089587962113
15:20	3.5524799009756336	4.002739401236676	5.0	5.0	4.704452124606869	4.877725178183909	5.0	5.0	3.6043258493645576	3.0645089587962113
15:25	3.5524799009756336	4.002739401236676	5.0	5.0	3.8110945003150185	4.877725178183909	5.0	5.0	3.6043258493645576	3.0645089587962113
15:30	3.5524799009756336	4.002739401236676	5.0	5.0	2.8412672489213464	4.877725178183909	5.0	5.0	3.6043258493645576	3.0645089587962113
15:35	3.5524799009756336	4.002739401236676	5.0	5.0	3.0296708921068762	4.877725178183909	5.0	5.0	3.6043258493645576	3.0645089587962113
15:40	3.5524799009756336	4.002739401236676	5.0	5.0	3.4463375587735428	4.877725178183909	5.0	5.0	3.6043258493645576	3.0645089587962113
15:45	3.5524799009756336	4.002739401236676	5.0	5.0	3.8630042254402097	4.877725178183909	5.0	5.0	3.6043258493645576	3.0645089587962113
15:50	3.5524799009756336	4.002739401236676	5.0	5.0	4.279670892106876	4.877725178183909	5.0	5.0	3.6043258493645576	3.0645089587962113
15:55	3.5524799009756336	4.002739401236676	5.0	5.0	4.696337558773543	4.877725178183909	5.0	5.0	3.6043258493645576	3.0645089587962113
16:00	3.5524799009756336	4.002739401236676	5.0	5.0	5.0	4.877725178183909	5.0	5.0	3.6043258493645576	3.0645089587962113
16:05	3.5524799009756336	4.002739401236676	5.0	5.0	5.0	4.877725178183909	5.0	5.0	3.6043258493645576	3.0645089587962113
16:10	3.5524799009756336	4.002739401236676	5.0	5.0	5.0	4.877725178183909	5.0	5.0	3.6043258493645576	3.0645089587962113
16:15	3.5524799009756336	4.002739401236676	5.0	5.0	5.0	4.877725178183909	5.0	5.0	3.6043258493645576	3.0645089587962113
16:20	3.5524799009756336	4.002739401236676	5.0	5.0	5.0	4.877725178183909	5.0	5.0	3.6043258493645576	3.0645089587962113
16:25	3.5524799009756336	4.002739401236676	5.0	5.0	5.0	4.877725178183909	5.0	5.0	3.6043258493645576	3.0645089587962113
16:30	3.5524799009756336	4.002739401236676	5.0	5.0	5.0	4.877725178183909	5.0	5.0	3.6043258493645576	3.0645089587962113
16:35	3.5524799009756336	4.002739401236676	5.0	5.0	5.0	4.877725178183909	5.0	5.0	3.6043258493645576	3.0645089587962113
16:40	3.5524799009756336	4.002739401236676	4.958162165247724	5.0	5.0	4.877725178183909	5.0	5.0	3.6043258493645576	3.0645089587962113
16:45	3.5524799009756336	4.002739401236676	5.0	5.0	5.0	4.877725178183909	5.0	5.0	3.6043258493645576	3.0645089587962113
16:50	3.5524799009756336	4.002739401236676	5.0	5.0	5.0	4.877725178183909	5.0	5.0	3.6043258493645576	3.0645089587962113
16:55	3.5524799009756336	4.002739401236676	5.0	5.0	5.0	4.877725178183909	5.0	5.0	3.6043258493645576	3.0645089587962113
17:00	3.5524799009756336	4.002739401236676	5.0	5.0	5.0	4.877725178183909	5.0	5.0	3.6043258493645576	3.0645089587962113
17:05	3.5524799009756336	4.002739401236676	5.0	5.0	5.0	4.877725178183909	5.0	5.0	3.6043258493645576	3.0645089587962113
17:10	3.5524799009756336	4.002739401236676	5.0	5.0	5.0	4.877725178183909	5.0	5.0	3.6043258493645576	3.0645089587962113
17:15	3.5524799009756336	4.002739401236676	5.0	5.0	5.0	4.877725178183909	5.0	5.0	3.6043258493645576	3.0645089587962113
17:20	3.5524799009756336	4.002739401236676	5.0	5.0	5.0	4.877725178183909	5.0	5.0	3.6043258493645576	3.0645089587962113
17:25	3.5524799009756336	4.002739401236676	5.0	5.0	5.0	4.877725178183909	5.0	5.0	3.6043258493645576	3.0645089587962113
17:30	3.5524799009756336	4.002739401236676	5.0	5.0	5.0	4.877725178183909	5.0	5.0	3.6043258493645576	3.0645089587962113
17:35	3.5524799009756336	4.002739401236676	5.0	5.0	5.0	4.877725178183909	5.0	5.0	3.6043258493645576	3.0645089587962113
17:40	3.5524799009756336	4.002739401236676	5.0	5.0	5.0	4.877725178183909	5.0	5.0	3.6043258493645576	3.0645089587962113
17:45	3.5524799009756336	4.002739401236676	5.0	5.0	5.0	4.877725178183909	5.0	5.0	3.6043258493645576	3.0645089587962113
17:50	3.5524799009756336	4.002739401236676	5.0	5.0	5.0	4.877725178183909	5.0	5.0	3.6043258493645576	3.0645089587962113
17:55	3.5524799009756336	4.002739401236676	5.0	5.0	5.0	4.877725178183909	5.0	5.0	3.6043258493645576	3.0645089587962113
18:00	3.5524799009756336	4.002739401236676	5.0	5.0	5.0	4.877725178183909	5.0	5.0	3.6043258493645576	3.0645089587962113
18:05	2.5870694406079777	3.0464591501562106	5.0	5.0	5.0	3.9045855703984036	5.0	5.0	2.654154729463104	2.0163327325085283
18:10	2.5870694406079777	2.928583126341086	5.0	4.481587097833698	5.0	3.848126822083526	5.0	5.0	2.654154729463104	1.2240070271376635
18:15	2.5870694406079777	2.928583126341086	5.0	4.428808048490868	5.0	3.848126822083526	5.0	5.0	2.654154729463104	1.2240070271376635
18:20	2.5870694406079777	2.928583126341086	5.0	4.845474715157534	5.0	3.848126822083526	5.0	5.0	2.654154729463104	1.2240070271376635
18:25	2.5870694406079777	2.928583126341086	5.0	5.0	5.0	3.848126822083526	5.0	5.0	2.654154729463104	1.2240070271376635
18:30	2.5870694406079777	2.928583126341086	5.0	5.0	5.0	3.848126822083526	5.0	5.0	2.654154729463104	1.2240070271376635
18:35	2.5870694406079777	2.928583126341086	5.0	5.0	4.461380251446031	3.848126822083526	5.0	5.0	2.654154729463104	1.2240070271376635
18:40	2.5870694406079777	2.928583126341086	5.0	5.0	3.9033411173669026	3.848126822083526	5.0	5.0	2.654154729463104	1.2240070271376635
18:45	2.5870694406079777	2.928583126341086	5.0	5.0	4.320007784033569	3.848126822083526	5.0	5.0	2.654154729463104	1.2240070271376635
18:50	2.5870694406079777	2.928583126341086	5.0	5.0	4.736674450700235	3.848126822083526	5.0	5.0	2.654154729463104	1.2240070271376635
18:55	2.5870694406079777	2.928583126341086	5.0	5.0	5.0	3.848126822083526	5.0	5.0	2.654154729463104	1.2240070271376635
19:00	2.5870694406079777	2.928583126341086	5.0	5.0	5.0	3.848126822083526	5.0	5.0	2.654154729463104	1.2240070271376635
19:05	2.5870694406079777	2.928583126341086	5.0	5.0	5.0	3.848126822083526	5.0	5.0	2.654154729463104	1.2240070271376635
19:10	2.5870694406079777	2.928583126341086	5.0	5.0	5.0	3.848126822083526	5.0	5.0	2.654154729463104	1.2240070271376635
19:15	2.5870694406079777	2.928583126341086	5.0	5.0	5.0	3.848126822083526	5.0	5.0	2.654154729463104	1.2240070271376635
19:20	2.5870694406079777	2.928583126341086	5.0	5.0	5.0	3.848126822083526	5.0	5.0	2.654154729463104	1.2240070271376635
19:25	2.5870694406079777	2.928583126341086	5.0	5.0	5.0	3.848126822083526	5.0	5.0	2.654154729463104	1.2240070271376635
19:30	2.5870694406079777	2.928583126341086	5.0	5.0	5.0	3.848126822083526	5.0	5.0	2.654154729463104	1.2240070271376635
19:35	2.5870694406079777	2.928583126341086	5.0	5.0	5.0	3.848126822083526	5.0	5.0	2.654154729463104	1.2240070271376635
19:40	2.5870694406079777	2.928583126341086	5.0	5.0	5.0	3.848126822083526	5.0	5.0	2.654154729463104	1.2240070271376635
19:45	2.5870694406079777	2.928583126341086	4.723665849652051	4.497885771491139	5.0	3.848126822083526	5.0	5.0	2.654154729463104	1.2240070271376635
19:50	2.5870694406079777	2.928583126341086	5.0	3.8812889567840574	5.0	3.848126822083526	5.0	5.0	2.654154729463104	1.2240070271376635
19:55	2.5870694406079777	2.928583126341086	5.0	4.297955623450724	5.0	3.848126822083526	5.0	5.0	2.654154729463104	1.2240070271376635
20:00	2.5870694406079777	2.928583126341086	5.0	4.714622290117391	5.0	3.848126822083526	5.0	5.0	2.654154729463104	1.2240070271376635
20:05	2.5870694406079777	2.928583126341086	5.0	5.0	5.0	3.848126822083526	5.0	5.0	2.654154729463104	1.2240070271376635
20:10	2.5870694406079777	2.928583126341086	5.0	5.0	4.9420889687945975	3.848126822083526	5.0	5.0	2.654154729463104	1.2240070271376635
20:15	2.5870694406079777	2.928583126341086	5.0	5.0	4.289723337155942	3.848126822083526	5.0	5.0	2.654154729463104	1.2240070271376635
20:20	2.5870694406079777	2.928583126341086	5.0	5.0	3.1858746701243006	3.848126822083526	5.0	5.0	2.654154729463104	1.2240070271376635
20:25	2.5870694406079777	2.928583126341086	5.0	5.0	2.8344564125538088	3.848126822083526	5.0	5.0	2.654154729463104	1.2240070271376635
20:30	2.5870694406079777	2.928583126341086	5.0	5.0	3.2511230792204757	3.848126822083526	5.0	5.0	2.654154729463104	1.2240070271376635
20:35	2.5870694406079777	2.928583126341086	5.0	5.0	3.6677897458871422	3.848126822083526	5.0	5.0	2.654154729463104	1.2240070271376635
20:40	2.5870694406079777	2.928583126341086	5.0	5.0	4.084456412553809	3.848126822083526	5.0	5.0	2.654154729463104	1.2240070271376635
20:45	2.5870694406079777	2.928583126341086	5.0	5.0	4.501123079220475	3.848126822083526	5.0	5.0	2.654154729463104	1.2240070271376635
20:50	2.5870694406079777	2.928583126341086	5.0	5.0	4.917789745887142	3.848126822083526	5.0	5.0	2.654154729463104	1.2240070271376635
20:55	2.5870694406079777	2.928583126341086	5.0	5.0	5.0	3.848126822083526	5.0	5.0	2.654154729463104	1.2240070271376635
21:00	2.5870694406079777	2.928583126341086	5.0	5.0	5.0	3.848126822083526	5.0	5.0	2.654154729463104	1.2240070271376635
21:05	2.5870694406079777	2.928583126341086	5.0	5.0	5.0	3.848126822083526	5.0	5.0	2.654154729463104	1.2240070271376635
21:10	2.5870694406079777	2.928583126341086	5.0	5.0	5.0	3.848126822083526	4.892370412797595	5.0	2.654154729463104	1.2240070271376635
21:15	2.5870694406079777	2.928583126341086	4.912818550861737	5.0	5.0	3.848126822083526	4.174526438026356	5.0	2.654154729463104	1.2240070271376635
21:20	2.5870694406079777	2.928583126341086	5.0	4.783079894262166	5.0	3.848126822083526	4.416341784058291	5.0	2.654154729463104	1.2240070271376635
21:25	2.5870694406079777	2.928583126341086	5.0	4.2681689646118945	5.0	3.848126822083526	4.833008450724958	5.0	2.654154729463104	1.2240070271376635
21:30	2.5870694406079777	2.928583126341086	5.0	4.684835631278561	5.0	3.848126822083526	5.0	5.0	2.654154729463104	1.2240070271376635
21:35	2.5870694406079777	2.928583126341086	5.0	5.0	5.0	3.848126822083526	5.0	5.0	2.654154729463104	1.2240070271376635
21:40	2.5870694406079777	2.928583126341086	5.0	5.0	5.0	3.848126822083526	5.0	5.0	2.654154729463104	1.2240070271376635
21:45	2.5870694406079777	2.928583126341086	5.0	5.0	5.0	3.848126822083526	5.0	5.0	2.654154729463104	1.2240070271376635
21:50	2.5870694406079777	2.928583126341086	5.0	5.0	5.0	3.848126822083526	5.0	5.0	2.654154729463104	1.2240070271376635
21:55	2.5870694406079777	2.928583126341086	5.0	5.0	4.791146309946992	3.848126822083526	5.0	5.0	2.654154729463104	1.2240070271376635
22:00	2.5870694406079777	2.928583126341086	5.0	5.0	4.076134319933031	3.848126822083526	5.0	5.0	2.654154729463104	1.2240070271376635
22:05	2.5870694406079777	2.928583126341086	5.0	5.0	4.150486383765446	3.848126822083526	5.0	5.0	2.654154729463104	1.2240070271376635
22:10	2.5870694406079777	2.928583126341086	5.0	5.0	4.567153050432113	3.848126822083526	5.0	5.0	2.654154729463104	1.2240070271376635
22:15	2.5870694406079777	2.928583126341086	5.0	5.0	4.983819717098779	3.848126822083526	5.0	5.0	2.654154729463104	1.2240070271376635
22:20	2.5870694406079777	2.928583126341086	5.0	5.0	5.0	3.848126822083526	5.0	5.0	2.654154729463104	1.2240070271376635
22:25	2.5870694406079777	2.928583126341086	5.0	5.0	5.0	3.848126822083526	5.0	5.0	2.654154729463104	1.2240070271376635
22:30	2.5870694406079777	2.928583126341086	5.0	5.0	5.0	3.848126822083526	5.0	5.0	2.654154729463104	1.2240070271376635
22:35	2.5870694406079777	2.928583126341086	5.0	5.0	5.0	3.848126822083526	5.0	5.0	2.654154729463104	1.2240070271376635
22:40	2.5870694406079777	2.928583126341086	5.0	5.0	5.0	3.848126822083526	5.0	5.0	2.654154729463104	1.2240070271376635
22:45	2.5870694406079777	2.928583126341086	5.0	5.0	5.0	3.848126822083526	5.0	5.0	2.654154729463104	1.2240070271376635
22:50	2.5870694406079777	2.928583126341086	5.0	5.0	5.0	3.848126822083526	4.958740403160159	5.0	2.654154729463104	1.2240070271376635
22:55	2.5870694406079777	2.928583126341086	5.0	4.822562272881669	5.0	3.848126822083526	5.0	5.0	2.654154729463104	1.2240070271376635
23:00	2.5870694406079777	2.928583126341086	5.0	4.646597508321552	5.0	3.848126822083526	5.0	5.0	2.654154729463104	1.2240070271376635
23:05	2.5870694406079777	2.928583126341086	5.0	5.0	5.0	3.848126822083526	5.0	5.0	2.654154729463104	1.2240070271376635
23:10	2.5870694406079777	2.928583126341086	5.0	5.0	5.0	3.848126822083526	5.0	5.0	2.654154729463104	1.2240070271376635
23:15	2.5870694406079777	2.928583126341086	5.0	5.0	5.0	3.848126822083526	5.0	5.0	2.654154729463104	1.2240070271376635
23:20	2.5870694406079777	2.928583126341086	5.0	5.0	5.0	3.848126822083526	5.0	5.0	2.654154729463104	1.2240070271376635
23:25	2.5870694406079777	2.928583126341086	5.0	5.0	5.0	3.848126822083526	5.0	5.0	2.654154729463104	1.2240070271376635
23:30	2.5870694406079777	2.928583126341086	5.0	5.0	5.0	3.848126822083526	5.0	5.0	2.654154729463104	1.2240070271376635
23:35	2.5870694406079777	2.928583126341086	5.0	5.0	4.566709657398103	3.848126822083526	5.0	5.0	2.654154729463104	1.2240070271376635
23:40	2.5870694406079777	2.928583126341086	5.0	5.0	3.638030910432802	3.848126822083526	5.0	5.0	2.654154729463104	1.2240070271376635
23:45	2.5870694406079777	2.928583126341086	5.0	5.0	2.6814993108288707	3.848126822083526	5.0	5.0	2.654154729463104	1.2240070271376635
23:50	2.5870694406079777	2.928583126341086	5.0	5.0	3.077604545588536	3.848126822083526	5.0	5.0	2.654154729463104	1.2240070271376635
23:55	2.5870694406079777	2.928583126341086	5.0	5.0	3.494271212255203	3.848126822083526	5.0	5.0	2.654154729463104	1.2240070271376635
24:00	2.5870694406079777	2.928583126341086	5.0	5.0	3.9109378789218696	3.848126822083526	5.0	5.0	2.654154729463104	1.2240070271376635
