time	1	2	3	4	5	6	7	8	9	10
00:00	4.904772477439685	0.0	0.6106839525734794	0.014041511880303571	0.2131573567910797	3.848126822083526	0.8024199467319733	1.3502106250426804	0.004154729463095592	0.46200351356882985
00:05	4.904772477439685	0.0	0.6106839525734794	0.014041511880303571	0.2131573567910797	3.848126822083526	0.8024199467319733	1.3502106250426804	0.004154729463095592	0.46200351356882985
00:10	4.904772477439685	0.0	0.6106839525734794	0.014041511880303571	0.2131573567910797	3.848126822083526	0.8024199467319733	1.3502106250426804	0.004154729463095592	0.46200351356882985
00:15	4.904772477439685	0.0	0.6106839525734794	0.014041511880303571	0.2131573567910797	3.848126822083526	0.8024199467319733	1.3502106250426804	0.004154729463095592	0.46200351356882985
00:20	4.904772477439685	0.0	0.6106839525734794	0.014041511880303571	0.2131573567910797	3.848126822083526	0.8024199467319733	1.3502106250426804	0.004154729463095592	0.46200351356882985
00:25	4.904772477439685	0.0	0.6106839525734794	0.014041511880303571	0.2131573567910797	3.848126822083526	0.8024199467319733	1.3502106250426804	0.004154729463095592	0.46200351356882985
00:30	4.904772477439685	0.0	0.6106839525734794	0.014041511880303571	0.2131573567910797	3.848126822083526	0.8024199467319733	1.3502106250426804	0.004154729463095592	0.46200351356882985
00:35	4.904772477439685	0.0	0.6106839525734794	0.014041511880303571	0.2131573567910797	3.848126822083526	0.8024199467319733	1.3502106250426804	0.004154729463095592	0.46200351356882985
00:40	4.904772477439685	0.0	0.6106839525734794	0.014041511880303571	0.2131573567910797	3.848126822083526	0.8024199467319733	1.3502106250426804	0.004154729463095592	0.46200351356882985
00:45	4.904772477439685	0.0	0.6106839525734794	0.014041511880303571	0.2131573567910797	3.848126822083526	0.8024199467319733	1.3502106250426804	0.004154729463095592	0.46200351356882985
00:50	4.904772477439685	0.0	0.6106839525734794	0.014041511880303571	0.2131573567910797	3.848126822083526	0.8024199467319733	1.3502106250426804	0.004154729463095592	0.46200351356882985
00:55	4.904772477439685	0.0	0.6106839525734794	0.014041511880303571	0.2131573567910797	3.848126822083526	0.8024199467319733	1.3502106250426804	0.004154729463095592	0.46200351356882985
01:00	4.904772477439685	0.0	0.6106839525734794	0.014041511880303571	0.2131573567910797	3.848126822083526	0.8024199467319733	1.3502106250426804	0.004154729463095592	0.46200351356882985
01:05	4.904772477439685	0.0	0.6106839525734794	0.014041511880303571	0.2131573567910797	3.848126822083526	0.8024199467319733	1.3502106250426804	0.004154729463095592	0.46200351356882985
01:10	4.904772477439685	0.0	0.6106839525734794	0.014041511880303571	0.2131573567910797	3.848126822083526	0.8024199467319733	1.3502106250426804	0.004154729463095592	0.46200351356882985
01:15	4.904772477439685	0.0	0.6106839525734794	0.014041511880303571	0.2131573567910797	3.848126822083526	0.8024199467319733	1.3502106250426804	0.004154729463095592	0.46200351356882985
01:20	4.904772477439685	0.0	0.6106839525734794	0.014041511880303571	0.2131573567910797	3.848126822083526	0.8024199467319733	1.3502106250426804	0.004154729463095592	0.46200351356882985
01:25	4.904772477439685	0.0	0.6106839525734794	0.014041511880303571	0.2131573567910797	3.848126822083526	0.8024199467319733	1.3502106250426804	0.004154729463095592	0.46200351356882985
01:30	4.904772477439685	0.0	0.6106839525734794	0.014041511880303571	0.2131573567910797	3.848126822083526	0.8024199467319733	1.3502106250426804	0.004154729463095592	0.46200351356882985
01:35	4.904772477439685	0.0	0.6106839525734794	0.014041511880303571	0.2131573567910797	3.848126822083526	0.8024199467319733	1.3502106250426804	0.004154729463095592	0.46200351356882985
01:40	4.904772477439685	0.0	0.6106839525734794	0.014041511880303571	0.2131573567910797	3.848126822083526	0.8024199467319733	1.3502106250426804	0.004154729463095592	0.46200351356882985
01:45	4.904772477439685	0.0	0.6106839525734794	0.014041511880303571	0.2131573567910797	3.848126822083526	0.8024199467319733	1.3502106250426804	0.004154729463095592	0.46200351356882985
01:50	4.904772477439685	0.0	0.6106839525734794	0.014041511880303571	0.2131573567910797	3.848126822083526	0.8024199467319733	1.3502106250426804	0.004154729463095592	0.46200351356882985
01:55	4.904772477439685	0.0	0.6106839525734794	0.014041511880303571	0.2131573567910797	3.848126822083526	0.8024199467319733	1.3502106250426804	0.004154729463095592	0.46200351356882985
02:00	4.904772477439685	0.0	0.6106839525734794	0.014041511880303571	0.2131573567910797	3.848126822083526	0.8024199467319733	1.3502106250426804	0.004154729463095592	0.46200351356882985
02:05	4.904772477439685	0.0	0.6106839525734794	0.014041511880303571	0.2131573567910797	3.848126822083526	0.8024199467319733	1.3502106250426804	0.004154729463095592	0.46200351356882985
02:10	4.904772477439685	0.0	0.6106839525734794	0.014041511880303571	0.2131573567910797	3.848126822083526	0.8024199467319733	1.3502106250426804	0.004154729463095592	0.46200351356882985
02:15	4.904772477439685	0.0	0.6106839525734794	0.014041511880303571	0.2131573567910797	3.848126822083526	0.8024199467319733	1.3502106250426804	0.004154729463095592	0.46200351356882985
02:20	4.904772477439685	0.0	0.6106839525734794	0.014041511880303571	0.2131573567910797	3.848126822083526	0.8024199467319733	1.3502106250426804	0.004154729463095592	0.46200351356882985
02:25	4.904772477439685	0.0	0.6106839525734794	0.014041511880303571	0.2131573567910797	3.848126822083526	0.8024199467319733	1.3502106250426804	0.004154729463095592	0.46200351356882985
02:30	4.904772477439685	0.0	0.6106839525734794	0.014041511880303571	0.2131573567910797	3.848126822083526	0.8024199467319733	1.3502106250426804	0.004154729463095592	0.46200351356882985
02:35	4.904772477439685	0.0	0.6106839525734794	0.014041511880303571	0.2131573567910797	3.848126822083526	0.8024199467319733	1.3502106250426804	0.004154729463095592	0.46200351356882985
02:40	4.904772477439685	0.0	0.6106839525734794	0.014041511880303571	0.2131573567910797	3.848126822083526	0.8024199467319733	1.3502106250426804	0.004154729463095592	0.46200351356882985
02:45	4.904772477439685	0.0	0.6106839525734794	0.014041511880303571	0.2131573567910797	3.848126822083526	0.8024199467319733	1.3502106250426804	0.004154729463095592	0.46200351356882985
02:50	4.904772477439685	0.0	0.6106839525734794	0.014041511880303571	0.2131573567910797	3.848126822083526	0.8024199467319733	1.3502106250426804	0.004154729463095592	0.46200351356882985
02:55	4.904772477439685	0.0	0.6106839525734794	0.014041511880303571	0.2131573567910797	3.848126822083526	0.8024199467319733	1.3502106250426804	0.004154729463095592	0.46200351356882985
03:00	4.904772477439685	0.0	0.6106839525734794	0.014041511880303571	0.2131573567910797	3.848126822083526	0.8024199467319733	1.3502106250426804	0.004154729463095592	0.46200351356882985
03:05	4.904772477439685	0.0	0.6106839525734794	0.014041511880303571	0.2131573567910797	3.848126822083526	0.8024199467319733	1.3502106250426804	0.004154729463095592	0.46200351356882985
03:10	4.904772477439685	0.0	0.6106839525734794	0.014041511880303571	0.2131573567910797	3.848126822083526	0.8024199467319733	1.3502106250426804	0.004154729463095592	0.46200351356882985
03:15	4.904772477439685	0.0	0.6106839525734794	0.014041511880303571	0.2131573567910797	3.848126822083526	0.8024199467319733	1.3502106250426804	0.004154729463095592	0.46200351356882985
03:20	4.904772477439685	0.0	0.6106839525734794	0.014041511880303571	0.2131573567910797	3.848126822083526	0.8024199467319733	1.3502106250426804	0.004154729463095592	0.46200351356882985
03:25	4.904772477439685	0.0	0.6106839525734794	0.014041511880303571	0.2131573567910797	3.848126822083526	0.8024199467319733	1.3502106250426804	0.004154729463095592	0.46200351356882985
03:30	4.904772477439685	0.0	0.6106839525734794	0.014041511880303571	0.2131573567910797	3.848126822083526	0.8024199467319733	1.3502106250426804	0.004154729463095592	0.46200351356882985
03:35	4.904772477439685	0.0	0.6106839525734794	0.014041511880303571	0.2131573567910797	3.848126822083526	0.8024199467319733	1.3502106250426804	0.004154729463095592	0.46200351356882985
03:40	4.904772477439685	0.0	0.6106839525734794	0.014041511880303571	0.2131573567910797	3.848126822083526	0.8024199467319733	1.3502106250426804	0.004154729463095592	0.46200351356882985
03:45	4.904772477439685	0.0	0.6106839525734794	0.014041511880303571	0.2131573567910797	3.848126822083526	0.8024199467319733	1.3502106250426804	0.004154729463095592	0.46200351356882985
03:50	4.904772477439685	0.0	0.6106839525734794	0.014041511880303571	0.2131573567910797	3.848126822083526	0.8024199467319733	1.3502106250426804	0.004154729463095592	0.46200351356882985
03:55	4.904772477439685	0.0	0.6106839525734794	0.014041511880303571	0.2131573567910797	3.848126822083526	0.8024199467319733	1.3502106250426804	0.004154729463095592	0.46200351356882985
04:00	4.904772477439685	0.0	0.6106839525734794	0.014041511880303571	0.2131573567910797	3.848126822083526	0.8024199467319733	1.3502106250426804	0.004154729463095592	0.46200351356882985
04:05	4.904772477439685	0.0	0.6106839525734794	0.014041511880303571	0.2131573567910797	3.848126822083526	0.8024199467319733	1.3502106250426804	0.004154729463095592	0.46200351356882985
04:10	4.904772477439685	0.0	0.6106839525734794	0.014041511880303571	0.2131573567910797	3.848126822083526	0.8024199467319733	1.3502106250426804	0.004154729463095592	0.46200351356882985
04:15	4.904772477439685	0.0	0.6106839525734794	0.014041511880303571	0.2131573567910797	3.848126822083526	0.8024199467319733	1.3502106250426804	0.004154729463095592	0.46200351356882985
04:20	4.904772477439685	0.0	0.6106839525734794	0.014041511880303571	0.2131573567910797	3.848126822083526	0.8024199467319733	1.3502106250426804	0.004154729463095592	0.46200351356882985
04:25	4.904772477439685	0.0	0.6106839525734794	0.014041511880303571	0.2131573567910797	3.848126822083526	0.8024199467319733	1.3502106250426804	0.004154729463095592	0.46200351356882985
04:30	4.904772477439685	0.0	0.6106839525734794	0.014041511880303571	0.2131573567910797	3.848126822083526	0.8024199467319733	1.3502106250426804	0.004154729463095592	0.46200351356882985
04:35	4.904772477439685	0.0	0.6106839525734794	0.014041511880303571	0.2131573567910797	3.848126822083526	0.8024199467319733	1.3502106250426804	0.004154729463095592	0.46200351356882985
04:40	4.904772477439685	0.0	0.6106839525734794	0.014041511880303571	0.2131573567910797	3.848126822083526	0.8024199467319733	1.3502106250426804	0.004154729463095592	0.46200351356882985
04:45	4.904772477439685	0.0	0.6106839525734794	0.014041511880303571	0.2131573567910797	3.848126822083526	0.8024199467319733	1.3502106250426804	0.004154729463095592	0.46200351356882985
04:50	4.904772477439685	0.0	0.6106839525734794	0.014041511880303571	0.2131573567910797	3.848126822083526	0.8024199467319733	1.3502106250426804	0.004154729463095592	0.46200351356882985
04:55	4.904772477439685	0.0	0.6106839525734794	0.014041511880303571	0.2131573567910797	3.848126822083526	0.8024199467319733	1.3502106250426804	0.004154729463095592	0.46200351356882985
05:00	4.904772477439685	0.0	0.6106839525734794	0.014041511880303571	0.2131573567910797	3.848126822083526	0.8024199467319733	1.3502106250426804	0.004154729463095592	0.46200351356882985
05:05	4.904772477439685	0.0	0.6106839525734794	0.014041511880303571	0.2131573567910797	3.848126822083526	0.8024199467319733	1.3502106250426804	0.004154729463095592	0.46200351356882985
05:10	4.904772477439685	0.0	0.6106839525734794	0.014041511880303571	0.2131573567910797	3.848126822083526	0.8024199467319733	1.3502106250426804	0.004154729463095592	0.46200351356882985
05:15	4.904772477439685	0.0	0.6106839525734794	0.014041511880303571	0.2131573567910797	3.848126822083526	0.8024199467319733	1.3502106250426804	0.004154729463095592	0.46200351356882985
05:20	4.904772477439685	0.0	0.6106839525734794	0.014041511880303571	0.2131573567910797	3.848126822083526	0.8024199467319733	1.3502106250426804	0.004154729463095592	0.46200351356882985
05:25	4.904772477439685	0.0	0.6106839525734794	0.014041511880303571	0.2131573567910797	3.848126822083526	0.8024199467319733	1.3502106250426804	0.004154729463095592	0.46200351356882985
05:30	4.904772477439685	0.0	0.6106839525734794	0.014041511880303571	0.2131573567910797	3.848126822083526	0.8024199467319733	1.3502106250426804	0.004154729463095592	0.46200351356882985
05:35	4.904772477439685	0.0	0.6106839525734794	0.014041511880303571	0.2131573567910797	3.848126822083526	0.8024199467319733	1.3502106250426804	0.004154729463095592	0.46200351356882985
05:40	4.904772477439685	0.0	0.6106839525734794	0.014041511880303571	0.2131573567910797	3.848126822083526	0.8024199467319733	1.3502106250426804	0.004154729463095592	0.46200351356882985
05:45	4.904772477439685	0.0	0.6106839525734794	0.014041511880303571	0.2131573567910797	3.848126822083526	0.8024199467319733	1.3502106250426804	0.004154729463095592	0.46200351356882985
05:50	4.904772477439685	0.0	0.6106839525734794	0.014041511880303571	0.2131573567910797	3.848126822083526	0.8024199467319733	1.3502106250426804	0.004154729463095592	0.46200351356882985
05:55	4.904772477439685	0.0	0.6106839525734794	0.014041511880303571	0.2131573567910797	3.848126822083526	0.8024199467319733	1.3502106250426804	0.004154729463095592	0.46200351356882985
06:00	4.904772477439685	0.0	0.6106839525734794	0.014041511880303571	0.2131573567910797	3.848126822083526	0.8024199467319733	1.3502106250426804	0.004154729463095592	0.46200351356882985
06:05	4.904772477439685	0.0	0.6106839525734794	0.014041511880303571	0.2131573567910797	3.848126822083526	0.8024199467319733	1.3502106250426804	0.004154729463095592	0.46200351356882985
06:10	4.904772477439685	0.0	0.6106839525734794	0.014041511880303571	0.2131573567910797	3.848126822083526	0.8024199467319733	1.3502106250426804	0.004154729463095592	0.46200351356882985
06:15	4.904772477439685	0.0	0.6106839525734794	0.014041511880303571	0.2131573567910797	3.848126822083526	0.8024199467319733	1.3502106250426804	0.004154729463095592	0.46200351356882985
06:20	4.904772477439685	0.0	0.6106839525734794	0.014041511880303571	0.2131573567910797	3.848126822083526	0.8024199467319733	1.3502106250426804	0.004154729463095592	0.46200351356882985
06:25	4.904772477439685	0.0	0.6106839525734794	0.014041511880303571	0.2131573567910797	3.848126822083526	0.8024199467319733	1.3502106250426804	0.004154729463095592	0.46200351356882985
06:30	4.904772477439685	0.0	0.6106839525734794	0.014041511880303571	0.2131573567910797	3.848126822083526	0.8024199467319733	1.3502106250426804	0.004154729463095592	0.46200351356882985
06:35	4.904772477439685	0.0	0.6106839525734794	0.014041511880303571	0.2131573567910797	3.848126822083526	0.8024199467319733	1.3502106250426804	0.004154729463095592	0.46200351356882985
06:40	4.904772477439685	0.0	0.6106839525734794	0.014041511880303571	0.2131573567910797	3.848126822083526	0.8024199467319733	1.3502106250426804	0.004154729463095592	0.46200351356882985
06:45	4.904772477439685	0.0	0.6106839525734794	0.014041511880303571	0.2131573567910797	3.848126822083526	0.8024199467319733	1.3502106250426804	0.004154729463095592	0.46200351356882985
06:50	4.904772477439685	0.0	0.6106839525734794	0.014041511880303571	0.2131573567910797	3.848126822083526	0.8024199467319733	1.3502106250426804	0.004154729463095592	0.46200351356882985
06:55	4.904772477439685	0.0	0.6106839525734794	0.014041511880303571	0.2131573567910797	3.848126822083526	0.8024199467319733	1.3502106250426804	0.004154729463095592	0.46200351356882985
07:00	4.904772477439685	0.0	0.6106839525734794	0.014041511880303571	0.2131573567910797	3.848126822083526	0.8024199467319733	1.3502106250426804	0.004154729463095592	0.46200351356882985
07:05	4.904772477439685	0.0	0.6106839525734794	0.014041511880303571	0.2131573567910797	3.848126822083526	0.8024199467319733	1.3502106250426804	0.004154729463095592	0.46200351356882985
07:10	4.904772477439685	0.0	0.6106839525734794	0.014041511880303571	0.2131573567910797	3.848126822083526	0.8024199467319733	1.3502106250426804	0.004154729463095592	0.46200351356882985
07:15	4.904772477439685	0.0	0.6106839525734794	0.014041511880303571	0.2131573567910797	3.848126822083526	0.8024199467319733	1.3502106250426804	0.004154729463095592	0.46200351356882985
07:20	4.904772477439685	0.0	0.6106839525734794	0.014041511880303571	0.2131573567910797	3.848126822083526	0.8024199467319733	1.3502106250426804	0.004154729463095592	0.46200351356882985
07:25	4.904772477439685	0.0	0.6106839525734794	0.014041511880303571	0.2131573567910797	3.848126822083526	0.8024199467319733	1.3502106250426804	0.004154729463095592	0.46200351356882985
07:30	4.904772477439685	0.0	0.6106839525734794	0.014041511880303571	0.2131573567910797	3.848126822083526	0.8024199467319733	1.3502106250426804	0.004154729463095592	0.46200351356882985
07:35	4.904772477439685	0.0	0.6106839525734794	0.014041511880303571	0.2131573567910797	3.848126822083526	0.8024199467319733	1.3502106250426804	0.004154729463095592	0.46200351356882985
07:40	4.904772477439685	0.0	0.6106839525734794	0.014041511880303571	0.2131573567910797	3.848126822083526	0.8024199467319733	1.3502106250426804	0.004154729463095592	0.46200351356882985
07:45	4.904772477439685	0.0	0.6106839525734794	0.014041511880303571	0.2131573567910797	3.848126822083526	0.8024199467319733	1.3502106250426804	0.004154729463095592	0.46200351356882985
07:50	4.904772477439685	0.0	0.6106839525734794	0.014041511880303571	0.2131573567910797	3.848126822083526	0.8024199467319733	1.3502106250426804	0.004154729463095592	0.46200351356882985
07:55	4.904772477439685	0.0	0.6106839525734794	0.014041511880303571	0.2131573567910797	3.848126822083526	0.8024199467319733	1.3502106250426804	0.004154729463095592	0.46200351356882985
08:00	4.904772477439685	0.0	0.6106839525734794	0.014041511880303571	0.2131573567910797	3.848126822083526	0.8024199467319733	1.3502106250426804	0.004154729463095592	0.46200351356882985
08:05	4.904772477439685	0.0	0.6106839525734794	0.014041511880303571	0.2131573567910797	3.848126822083526	0.8024199467319733	1.3502106250426804	0.004154729463095592	0.46200351356882985
08:10	4.904772477439685	0.0	0.6106839525734794	0.014041511880303571	0.2131573567910797	3.848126822083526	0.8024199467319733	1.3502106250426804	0.004154729463095592	0.46200351356882985
08:15	4.904772477439685	0.0	0.6106839525734794	0.014041511880303571	0.2131573567910797	3.848126822083526	0.8024199467319733	1.3502106250426804	0.004154729463095592	0.46200351356882985
08:20	4.904772477439685	0.0	0.6106839525734794	0.014041511880303571	0.2131573567910797	3.848126822083526	0.8024199467319733	1.3502106250426804	0.004154729463095592	0.46200351356882985
08:25	4.904772477439685	0.0	0.6106839525734794	0.014041511880303571	0.2131573567910797	3.848126822083526	0.8024199467319733	1.3502106250426804	0.004154729463095592	0.46200351356882985
08:30	4.904772477439685	0.0	0.6106839525734794	0.014041511880303571	0.2131573567910797	3.848126822083526	0.8024199467319733	1.3502106250426804	0.004154729463095592	0.46200351356882985
08:35	4.904772477439685	0.0	0.6106839525734794	0.014041511880303571	0.2131573567910797	3.848126822083526	0.8024199467319733	1.3502106250426804	0.004154729463095592	0.46200351356882985
08:40	4.904772477439685	0.0	0.6106839525734794	0.014041511880303571	0.2131573567910797	3.848126822083526	0.8024199467319733	1.3502106250426804	0.004154729463095592	0.46200351356882985
08:45	4.904772477439685	0.0	0.6106839525734794	0.014041511880303571	0.2131573567910797	3.848126822083526	0.8024199467319733	1.3502106250426804	0.004154729463095592	0.46200351356882985
08:50	4.904772477439685	0.0	0.6106839525734794	0.014041511880303571	0.2131573567910797	3.848126822083526	0.8024199467319733	1.3502106250426804	0.004154729463095592	0.46200351356882985
08:55	4.904772477439685	0.0	0.6106839525734794	0.014041511880303571	0.2131573567910797	3.848126822083526	0.8024199467319733	1.3502106250426804	0.004154729463095592	0.46200351356882985
09:00	4.904772477439685	0.0	0.6106839525734794	0.014041511880303571	0.2131573567910797	3.848126822083526	0.8024199467319733	1.3502106250426804	0.004154729463095592	0.46200351356882985
09:05	4.136610420279652	0.0	0.0	0.0	0.0	2.8485012980811315	0.12471718553976588	0.3852271850315252	0.4113632222570122	0.4145089587962046
09:10	4.366889864274408	0.0	0.0	0.0	0.14583333333333334	2.686978702339009	0.0	0.3852271850315252	0.8280298889236789	0.4145089587962046
09:15	4.783556530941075	0.0	0.0	0.0	0.5625	3.1036453690056756	0.0	0.3852271850315252	1.2446965555903455	0.4145089587962046
09:20	5.0	0.0	0.0	0.0	0.9791666666666666	3.5203120356723425	0.0	0.3852271850315252	1.6613632222570123	0.4145089587962046
09:25	5.0	0.0	0.0	0.0	1.3958333333333333	3.936978702339009	0.0	0.3852271850315252	2.078029888923679	0.4145089587962046
09:30	5.0	0.0	0.0	0.0	1.8125	4.353645369005676	0.0	0.3852271850315252	2.4946965555903455	0.4145089587962046
09:35	5.0	0.0	0.0	0.0	2.2291666666666665	4.770312035672342	0.0	0.3852271850315252	2.911363222257012	0.4145089587962046
09:40	5.0	0.0	0.0	0.0	2.6458333333333335	5.0	0.0	0.3852271850315252	3.328029888923679	0.4145089587962046
09:45	5.0	0.0	0.0	0.0	3.0625	5.0	0.0	0.3852271850315252	3.7446965555903455	0.4145089587962046
09:50	5.0	0.0	0.0	0.0	3.4791666666666665	5.0	0.0	0.3852271850315252	4.1613632222570125	0.4145089587962046
09:55	5.0	0.0	0.0	0.0	3.8958333333333335	5.0	0.0	0.3852271850315252	4.578029888923679	0.4145089587962046
10:00	5.0	0.0	0.0	0.0	4.3125	5.0	0.0	0.3852271850315252	4.994696555590346	0.4145089587962046
10:05	5.0	0.0	0.0	0.0	4.729166666666667	5.0	0.0	0.3852271850315252	5.0	0.4145089587962046
10:10	5.0	0.0	0.0	0.0	5.0	5.0	0.0	0.3852271850315252	5.0	0.4145089587962046
10:15	5.0	0.0	0.0	0.0	5.0	5.0	0.0	0.3852271850315252	5.0	0.4145089587962046
10:20	5.0	0.0	0.0	0.0	5.0	5.0	0.0	0.3852271850315252	5.0	0.4145089587962046
10:25	5.0	0.0	0.0	0.0	5.0	5.0	0.0	0.3852271850315252	5.0	0.4145089587962046
10:30	5.0	0.0	0.0	0.0	5.0	5.0	0.0	0.3852271850315252	5.0	0.4145089587962046
10:35	5.0	0.0	0.0	0.0	5.0	5.0	0.0	0.3852271850315252	5.0	0.4145089587962046
10:40	4.546626879075368	0.0	0.0	0.0	4.856308169288999	4.877725178183909	0.0	0.3852271850315252	5.0	0.4145089587962046
10:45	4.546626879075368	0.0	0.0	0.0	4.796665465796534	4.877725178183909	0.0	0.3852271850315252	5.0	0.4145089587962046
10:50	4.546626879075368	0.0	0.0	0.0	5.0	4.877725178183909	0.0	0.3852271850315252	5.0	0.4145089587962046
10:55	4.546626879075368	0.0	0.0	0.0	5.0	4.877725178183909	0.0	0.3852271850315252	5.0	0.4145089587962046
11:00	4.546626879075368	0.0	0.0	0.0	5.0	4.877725178183909	0.0	0.3852271850315252	5.0	0.4145089587962046
11:05	4.546626879075368	0.0	0.0	0.0	5.0	4.877725178183909	0.0	0.3852271850315252	5.0	0.4145089587962046
11:10	4.546626879075368	0.0	0.0	0.0	5.0	4.877725178183909	0.0	0.3852271850315252	5.0	0.4145089587962046
11:15	4.546626879075368	0.0	0.0	0.0	5.0	4.877725178183909	0.0	0.3852271850315252	5.0	0.4145089587962046
11:20	4.546626879075368	0.0	0.0	0.0	5.0	4.877725178183909	0.0	0.3852271850315252	5.0	0.4145089587962046
11:25	4.546626879075368	0.0	0.0	0.0	5.0	4.877725178183909	0.0	0.3852271850315252	5.0	0.4145089587962046
11:30	4.546626879075368	0.0	0.0	0.0	5.0	4.877725178183909	0.0	0.3852271850315252	5.0	0.4145089587962046
11:35	4.546626879075368	0.0	0.0	0.0	5.0	4.877725178183909	0.0	0.3852271850315252	5.0	0.4145089587962046
11:40	4.546626879075368	0.0	0.0	0.0	5.0	4.877725178183909	0.0	0.3852271850315252	5.0	0.4145089587962046
11:45	4.546626879075368	0.0	0.0	0.0	5.0	4.877725178183909	0.0	0.3852271850315252	5.0	0.4145089587962046
11:50	4.546626879075368	0.0	0.0	0.0	5.0	4.877725178183909	0.0	0.3852271850315252	5.0	0.4145089587962046
11:55	4.546626879075368	0.0	0.0	0.0	5.0	4.877725178183909	0.0	0.3852271850315252	5.0	0.4145089587962046
12:00	4.546626879075368	0.0	0.0	0.0	5.0	4.877725178183909	0.0	0.3852271850315252	5.0	0.4145089587962046
12:05	4.546626879075368	0.0	0.0	0.0	5.0	4.877725178183909	0.0	0.3852271850315252	5.0	0.4145089587962046
12:10	4.546626879075368	0.0	0.0	0.0	5.0	4.877725178183909	0.0	0.3852271850315252	5.0	0.4145089587962046
12:15	4.546626879075368	0.0	0.0	0.0	4.9117466483148196	4.877725178183909	0.0	0.3852271850315252	5.0	0.4145089587962046
12:20	4.546626879075368	0.0	0.0	0.0	5.0	4.877725178183909	0.0	0.3852271850315252	5.0	0.4145089587962046
12:25	4.546626879075368	0.0	0.0	0.0	5.0	4.877725178183909	0.0	0.3852271850315252	5.0	0.4145089587962046
12:30	4.546626879075368	0.0	0.0	0.0	5.0	4.877725178183909	0.0	0.3852271850315252	5.0	0.4145089587962046
12:35	4.546626879075368	0.0	0.0	0.0	5.0	4.877725178183909	0.0	0.3852271850315252	5.0	0.4145089587962046
12:40	4.546626879075368	0.0	0.0	0.0	5.0	4.877725178183909	0.0	0.3852271850315252	5.0	0.4145089587962046
12:45	4.546626879075368	0.0	0.0	0.0	5.0	4.877725178183909	0.0	0.3852271850315252	5.0	0.4145089587962046
12:50	4.546626879075368	0.0	0.0	0.0	5.0	4.877725178183909	0.0	0.3852271850315252	5.0	0.4145089587962046
12:55	4.546626879075368	0.0	0.0	0.0	5.0	4.877725178183909	0.0	0.3852271850315252	5.0	0.4145089587962046
13:00	4.546626879075368	0.0	0.0	0.0	5.0	4.877725178183909	0.0	0.3852271850315252	5.0	0.4145089587962046
13:05	4.546626879075368	0.0	0.0	0.0	5.0	4.877725178183909	0.0	0.3852271850315252	5.0	0.4145089587962046
13:10	4.546626879075368	0.0	0.0	0.0	5.0	4.877725178183909	0.0	0.3852271850315252	5.0	0.4145089587962046
13:15	4.546626879075368	0.0	0.0	0.0	5.0	4.877725178183909	0.0	0.3852271850315252	5.0	0.4145089587962046
13:20	4.546626879075368	0.0	0.0	0.0	5.0	4.877725178183909	0.0	0.3852271850315252	5.0	0.4145089587962046
13:25	4.546626879075368	0.0	0.0	0.0	5.0	4.877725178183909	0.0	0.3852271850315252	5.0	0.4145089587962046
13:30	4.546626879075368	0.0	0.0	0.0	5.0	4.877725178183909	0.0	0.3852271850315252	5.0	0.4145089587962046
13:35	4.546626879075368	0.0	0.0	0.0	5.0	4.877725178183909	0.0	0.3852271850315252	4.251393307870805	0.4145089587962046
13:40	4.546626879075368	0.0	0.0	0.0	5.0	4.877725178183909	0.0	0.3852271850315252	3.3752370229372652	0.4145089587962046
13:45	4.546626879075368	0.0	0.0	0.0	4.789341547131022	4.877725178183909	0.0	0.3852271850315252	3.236517278437383	0.4145089587962046
13:50	4.546626879075368	0.0	0.0	0.0	3.860026532053551	4.877725178183909	0.0	0.3852271850315252	3.65318394510405	0.4145089587962046
13:55	4.546626879075368	0.0	0.0	0.0	4.276693198720218	4.877725178183909	0.0	0.3852271850315252	4.0698506117707165	0.4145089587962046
14:00	4.546626879075368	0.0	0.0	0.0	4.693359865386885	4.877725178183909	0.0	0.3852271850315252	4.4865172784373835	0.4145089587962046
14:05	4.546626879075368	0.0	0.0	0.0	5.0	4.877725178183909	0.0	0.3852271850315252	4.9031839451040495	0.4145089587962046
14:10	4.546626879075368	0.0	0.0	0.0	5.0	4.877725178183909	0.0	0.3852271850315252	5.0	0.4145089587962046
14:15	4.546626879075368	0.0	0.0	0.0	5.0	4.877725178183909	0.0	0.3852271850315252	5.0	0.4145089587962046
14:20	4.546626879075368	0.0	0.0	0.0	5.0	4.877725178183909	0.0	0.3852271850315252	5.0	0.4145089587962046
14:25	4.546626879075368	0.0	0.0	0.0	5.0	4.877725178183909	0.0	0.3852271850315252	5.0	0.4145089587962046
14:30	4.546626879075368	0.0	0.0	0.0	5.0	4.877725178183909	0.0	0.3852271850315252	5.0	0.4145089587962046
14:35	4.546626879075368	0.0	0.0	0.0	5.0	4.877725178183909	0.0	0.3852271850315252	5.0	0.4145089587962046
14:40	4.546626879075368	0.0	0.0	0.0	5.0	4.877725178183909	0.0	0.3852271850315252	5.0	0.4145089587962046
14:45	4.546626879075368	0.0	0.0	0.0	5.0	4.877725178183909	0.0	0.3852271850315252	5.0	0.4145089587962046
14:50	4.546626879075368	0.0	0.0	0.0	5.0	4.877725178183909	0.0	0.3852271850315252	5.0	0.4145089587962046
14:55	4.546626879075368	0.0	0.0	0.0	5.0	4.877725178183909	0.0	0.3852271850315252	5.0	0.4145089587962046
15:00	4.546626879075368	0.0	0.0	0.0	5.0	4.877725178183909	0.0	0.3852271850315252	5.0	0.4145089587962046
15:05	4.546626879075368	0.0	0.0	0.0	5.0	4.877725178183909	0.0	0.3852271850315252	5.0	0.4145089587962046
15:10	4.546626879075368	0.0	0.0	0.0	5.0	4.877725178183909	0.0	0.3852271850315252	5.0	0.4145089587962046
15:15	4.546626879075368	0.0	0.0	0.0	5.0	4.877725178183909	0.0	0.3852271850315252	4.511545505294393	0.4145089587962046
15:20	4.546626879075368	0.0	0.0	0.0	4.930626912157683	4.877725178183909	0.0	0.3852271850315252	3.6320923033721466	0.4145089587962046
15:25	4.546626879075368	0.0	0.0	0.0	4.064876364294947	4.877725178183909	0.0	0.3852271850315252	3.0851216070188787	0.4145089587962046
15:30	4.546626879075368	0.0	0.0	0.0	4.295255890832978	4.877725178183909	0.0	0.3852271850315252	3.5017882736855457	0.4145089587962046
15:35	4.546626879075368	0.0	0.0	0.0	4.711922557499645	4.877725178183909	0.0	0.3852271850315252	3.918454940352212	0.4145089587962046
15:40	4.546626879075368	0.0	0.0	0.0	5.0	4.877725178183909	0.0	0.3852271850315252	4.335121607018879	0.4145089587962046
15:45	4.546626879075368	0.0	0.0	0.0	5.0	4.877725178183909	0.0	0.3852271850315252	4.751788273685546	0.4145089587962046
15:50	4.546626879075368	0.0	0.0	0.0	5.0	4.877725178183909	0.0	0.3852271850315252	5.0	0.4145089587962046
15:55	4.546626879075368	0.0	0.0	0.0	5.0	4.877725178183909	0.0	0.3852271850315252	5.0	0.4145089587962046
16:00	4.546626879075368	0.0	0.0	0.0	5.0	4.877725178183909	0.0	0.3852271850315252	5.0	0.4145089587962046
16:05	4.546626879075368	0.0	0.0	0.0	5.0	4.877725178183909	0.0	0.3852271850315252	5.0	0.4145089587962046
16:10	4.546626879075368	0.0	0.0	0.0	5.0	4.877725178183909	0.0	0.3852271850315252	5.0	0.4145089587962046
16:15	4.546626879075368	0.0	0.0	0.0	5.0	4.877725178183909	0.0	0.3852271850315252	5.0	0.4145089587962046
16:20	4.546626879075368	0.0	0.0	0.0	5.0	4.877725178183909	0.0	0.3852271850315252	5.0	0.4145089587962046
16:25	4.546626879075368	0.0	0.0	0.0	5.0	4.877725178183909	0.0	0.3852271850315252	5.0	0.4145089587962046
16:30	4.546626879075368	0.0	0.0	0.0	5.0	4.877725178183909	0.0	0.3852271850315252	5.0	0.4145089587962046
16:35	4.546626879075368	0.0	0.0	0.0	5.0	4.877725178183909	0.0	0.3852271850315252	5.0	0.4145089587962046
16:40	4.546626879075368	0.0	0.0	0.0	5.0	4.877725178183909	0.0	0.3852271850315252	5.0	0.4145089587962046
16:45	4.546626879075368	0.0	0.0	0.0	5.0	4.877725178183909	0.0	0.3852271850315252	5.0	0.4145089587962046
16:50	4.546626879075368	0.0	0.0	0.0	5.0	4.877725178183909	0.0	0.3852271850315252	5.0	0.4145089587962046
16:55	4.546626879075368	0.0	0.0	0.0	5.0	4.877725178183909	0.0	0.3852271850315252	4.798149351128746	0.4145089587962046
17:00	4.546626879075368	0.0	0.0	0.0	4.146711700542288	4.877725178183909	0.0	0.3852271850315252	3.9729490121374886	0.4145089587962046
17:05	4.546626879075368	0.0	0.0	0.0	4.34946376651332	4.877725178183909	0.0	0.3852271850315252	3.0236631215500855	0.4145089587962046
17:10	4.546626879075368	0.0	0.0	0.0	4.7661304331799865	4.877725178183909	0.0	0.3852271850315252	3.3504525056474455	0.4145089587962046
17:15	4.546626879075368	0.0	0.0	0.0	5.0	4.877725178183909	0.0	0.3852271850315252	3.767119172314112	0.4145089587962046
17:20	4.546626879075368	0.0	0.0	0.0	5.0	4.877725178183909	0.0	0.3852271850315252	4.1837858389807785	0.4145089587962046
17:25	4.546626879075368	0.0	0.0	0.0	5.0	4.877725178183909	0.0	0.3852271850315252	4.6004525056474455	0.4145089587962046
17:30	4.546626879075368	0.0	0.0	0.0	5.0	4.877725178183909	0.0	0.3852271850315252	5.0	0.4145089587962046
17:35	4.546626879075368	0.0	0.0	0.0	5.0	4.877725178183909	0.0	0.3852271850315252	5.0	0.4145089587962046
17:40	4.546626879075368	0.0	0.0	0.0	5.0	4.877725178183909	0.0	0.3852271850315252	5.0	0.4145089587962046
17:45	4.546626879075368	0.0	0.0	0.0	5.0	4.877725178183909	0.0	0.3852271850315252	5.0	0.4145089587962046
17:50	4.546626879075368	0.0	0.0	0.0	5.0	4.877725178183909	0.0	0.3852271850315252	5.0	0.4145089587962046
17:55	4.546626879075368	0.0	0.0	0.0	5.0	4.877725178183909	0.0	0.3852271850315252	5.0	0.4145089587962046
18:00	4.546626879075368	0.0	0.0	0.0	5.0	4.877725178183909	0.0	0.3852271850315252	5.0	0.4145089587962046
18:05	3.7467478331869994	0.0	0.0	0.0	5.0	3.9045855703984036	0.0	0.0	5.0	0.0
18:10	4.163414499853666	0.0	0.0	0.0	5.0	3.848126822083526	0.0	0.0	5.0	0.0
18:15	4.5800811665203325	0.0	0.0	0.0	5.0	3.848126822083526	0.0	0.0	5.0	0.0
18:20	4.996747833186999	0.0	0.0	0.0	5.0	3.848126822083526	0.0	0.0	5.0	0.0
18:25	5.0	0.0	0.0	0.0	5.0	3.848126822083526	0.0	0.0	5.0	0.0
18:30	5.0	0.0	0.0	0.0	5.0	3.848126822083526	0.0	0.0	5.0	0.0
18:35	5.0	0.0	0.0	0.0	5.0	3.848126822083526	0.0	0.0	5.0	0.0
18:40	5.0	0.0	0.0	0.0	5.0	3.848126822083526	0.0	0.0	4.004431385922227	0.0
18:45	5.0	0.0	0.0	0.0	5.0	3.848126822083526	0.0	0.0	2.9683426106287296	0.0
18:50	5.0	0.0	0.0	0.0	5.0	3.848126822083526	0.0	0.0	2.5113440968227962	0.0
18:55	5.0	0.0	0.0	0.0	5.0	3.848126822083526	0.0	0.0	2.9280107634894628	0.0
19:00	5.0	0.0	0.0	0.0	5.0	3.848126822083526	0.0	0.0	3.3446774301561293	0.0
19:05	5.0	0.0	0.0	0.0	5.0	3.848126822083526	0.0	0.0	3.7613440968227962	0.0
19:10	5.0	0.0	0.0	0.0	5.0	3.848126822083526	0.0	0.0	4.178010763489462	0.0
19:15	5.0	0.0	0.0	0.0	5.0	3.848126822083526	0.0	0.0	4.594677430156129	0.0
19:20	5.0	0.0	0.0	0.0	5.0	3.848126822083526	0.0	0.0	5.0	0.0
19:25	5.0	0.0	0.0	0.0	5.0	3.848126822083526	0.0	0.0	5.0	0.0
19:30	5.0	0.0	0.0	0.0	5.0	3.848126822083526	0.0	0.0	5.0	0.0
19:35	4.9027781877810455	0.0	0.0	0.0	5.0	3.848126822083526	0.0	0.0	5.0	0.0
19:40	4.9027781877810455	0.0	0.0	0.0	5.0	3.848126822083526	0.0	0.0	5.0	0.0
19:45	4.9027781877810455	0.0	0.0	0.0	5.0	3.848126822083526	0.0	0.0	5.0	0.0
19:50	4.9027781877810455	0.0	0.0	0.0	5.0	3.848126822083526	0.0	0.0	5.0	0.0
19:55	4.9027781877810455	0.0	0.0	0.0	5.0	3.848126822083526	0.0	0.0	5.0	0.0
20:00	4.9027781877810455	0.0	0.0	0.0	5.0	3.848126822083526	0.0	0.0	5.0	0.0
20:05	4.9027781877810455	0.0	0.0	0.0	4.928048356713519	3.848126822083526	0.0	0.0	5.0	0.0
20:10	4.9027781877810455	0.0	0.0	0.0	5.0	3.848126822083526	0.0	0.0	5.0	0.0
20:15	4.9027781877810455	0.0	0.0	0.0	5.0	3.848126822083526	0.0	0.0	5.0	0.0
20:20	4.9027781877810455	0.0	0.0	0.0	5.0	3.848126822083526	0.0	0.0	4.733910319507531	0.0
20:25	4.9027781877810455	0.0	0.0	0.0	5.0	3.848126822083526	0.0	0.0	3.8503513083881122	0.0
20:30	4.9027781877810455	0.0	0.0	0.0	5.0	3.848126822083526	0.0	0.0	2.726133230684252	0.0
20:35	4.9027781877810455	0.0	0.0	0.0	5.0	3.848126822083526	0.0	0.0	3.142799897350919	0.0
20:40	4.9027781877810455	0.0	0.0	0.0	5.0	3.848126822083526	0.0	0.0	3.5594665640175855	0.0
20:45	4.9027781877810455	0.0	0.0	0.0	5.0	3.848126822083526	0.0	0.0	3.976133230684252	0.0
20:50	4.9027781877810455	0.0	0.0	0.0	5.0	3.848126822083526	0.0	0.0	4.392799897350919	0.0
20:55	4.9027781877810455	0.0	0.0	0.0	5.0	3.848126822083526	0.0	0.0	4.809466564017586	0.0
21:00	4.9027781877810455	0.0	0.0	0.0	5.0	3.848126822083526	0.0	0.0	5.0	0.0
21:05	4.9027781877810455	0.0	0.0	0.0	5.0	3.848126822083526	0.0	0.0	5.0	0.0
21:10	4.9027781877810455	0.0	0.0	0.0	5.0	3.848126822083526	0.0	0.0	5.0	0.0
21:15	4.9027781877810455	0.0	0.0	0.0	5.0	3.848126822083526	0.0	0.0	5.0	0.0
21:20	4.9027781877810455	0.0	0.0	0.0	5.0	3.848126822083526	0.0	0.0	5.0	0.0
21:25	4.9027781877810455	0.0	0.0	0.0	5.0	3.848126822083526	0.0	0.0	5.0	0.0
21:30	4.9027781877810455	0.0	0.0	0.0	5.0	3.848126822083526	0.0	0.0	5.0	0.0
21:35	4.9027781877810455	0.0	0.0	0.0	4.856703685078416	3.848126822083526	0.0	0.0	5.0	0.0
21:40	4.9027781877810455	0.0	0.0	0.0	5.0	3.848126822083526	0.0	0.0	5.0	0.0
21:45	4.9027781877810455	0.0	0.0	0.0	5.0	3.848126822083526	0.0	0.0	5.0	0.0
21:50	4.9027781877810455	0.0	0.0	0.0	5.0	3.848126822083526	0.0	0.0	5.0	0.0
21:55	4.9027781877810455	0.0	0.0	0.0	5.0	3.848126822083526	0.0	0.0	5.0	0.0
22:00	4.9027781877810455	0.0	0.0	0.0	5.0	3.848126822083526	0.0	0.0	4.9870625861079425	0.0
22:05	4.9027781877810455	0.0	0.0	0.0	5.0	3.848126822083526	0.0	0.0	4.071353650261191	0.0
22:10	4.9027781877810455	0.0	0.0	0.0	5.0	3.848126822083526	0.0	0.0	3.207395360543446	0.0
22:15	4.9027781877810455	0.0	0.0	0.0	5.0	3.848126822083526	0.0	0.0	3.197822180206814	0.0
22:20	4.9027781877810455	0.0	0.0	0.0	5.0	3.848126822083526	0.0	0.0	3.614488846873481	0.0
22:25	4.9027781877810455	0.0	0.0	0.0	5.0	3.848126822083526	0.0	0.0	4.031155513540147	0.0
22:30	4.9027781877810455	0.0	0.0	0.0	5.0	3.848126822083526	0.0	0.0	4.447822180206814	0.0
22:35	4.9027781877810455	0.0	0.0	0.0	5.0	3.848126822083526	0.0	0.0	4.86448884687348	0.0
22:40	4.9027781877810455	0.0	0.0	0.0	5.0	3.848126822083526	0.0	0.0	5.0	0.0
22:45	4.9027781877810455	0.0	0.0	0.0	5.0	3.848126822083526	0.0	0.0	5.0	0.0
22:50	4.9027781877810455	0.0	0.0	0.0	5.0	3.848126822083526	0.0	0.0	5.0	0.0
22:55	4.9027781877810455	0.0	0.0	0.0	5.0	3.848126822083526	0.0	0.0	5.0	0.0
23:00	4.9027781877810455	0.0	0.0	0.0	5.0	3.848126822083526	0.0	0.0	5.0	0.0
23:05	4.9027781877810455	0.0	0.0	0.0	4.961062184338699	3.848126822083526	0.0	0.0	5.0	0.0
23:10	4.9027781877810455	0.0	0.0	0.0	4.368641172962809	3.848126822083526	0.0	0.0	5.0	0.0
23:15	4.9027781877810455	0.0	0.0	0.0	4.785307839629477	3.848126822083526	0.0	0.0	5.0	0.0
23:20	4.9027781877810455	0.0	0.0	0.0	5.0	3.848126822083526	0.0	0.0	5.0	0.0
23:25	4.9027781877810455	0.0	0.0	0.0	5.0	3.848126822083526	0.0	0.0	5.0	0.0
23:30	4.9027781877810455	0.0	0.0	0.0	5.0	3.848126822083526	0.0	0.0	5.0	0.0
23:35	4.9027781877810455	0.0	0.0	0.0	5.0	3.848126822083526	0.0	0.0	5.0	0.0
23:40	4.9027781877810455	0.0	0.0	0.0	5.0	3.848126822083526	0.0	0.0	5.0	0.0
23:45	4.9027781877810455	0.0	0.0	0.0	5.0	3.848126822083526	0.0	0.0	5.0	0.0
23:50	4.9027781877810455	0.0	0.0	0.0	5.0	3.848126822083526	0.0	0.0	5.0	0.0
23:55	4.9027781877810455	0.0	0.0	0.0	5.0	3.848126822083526	0.0	0.0	5.0	0.0
24:00	4.9027781877810455	0.0	0.0	0.0	5.0	3.848126822083526	0.0	0.0	5.0	0.0
