time	1	2	3	4	5	6	7	8	9	10
00:00	0.27136069343491404	4.729647453341244	1.660683952573483	2.214041511880304	5.0	1.542588024915064	5.0	5.0	5.0	1.2240070271376635
00:05	0.27136069343491404	4.729647453341244	1.660683952573483	2.214041511880304	5.0	1.542588024915064	5.0	5.0	5.0	1.2240070271376635
00:10	0.27136069343491404	4.729647453341244	1.660683952573483	2.214041511880304	5.0	1.542588024915064	5.0	5.0	5.0	1.2240070271376635
00:15	0.27136069343491404	4.729647453341244	1.660683952573483	2.214041511880304	5.0	1.542588024915064	5.0	5.0	5.0	1.2240070271376635
00:20	0.27136069343491404	4.729647453341244	1.660683952573483	2.214041511880304	5.0	1.542588024915064	5.0	5.0	5.0	1.2240070271376635
00:25	0.27136069343491404	4.729647453341244	1.660683952573483	2.214041511880304	5.0	1.542588024915064	5.0	5.0	5.0	1.2240070271376635
00:30	0.27136069343491404	4.729647453341244	1.660683952573483	2.214041511880304	5.0	1.542588024915064	5.0	5.0	5.0	1.2240070271376635
00:35	0.27136069343491404	4.729647453341244	1.660683952573483	2.214041511880304	5.0	1.542588024915064	5.0	5.0	5.0	1.2240070271376635
00:40	0.27136069343491404	4.729647453341244	1.660683952573483	2.214041511880304	5.0	1.542588024915064	5.0	5.0	5.0	1.2240070271376635
00:45	0.27136069343491404	4.729647453341244	1.660683952573483	2.214041511880304	5.0	1.542588024915064	5.0	5.0	5.0	1.2240070271376635
00:50	0.27136069343491404	4.729647453341244	1.660683952573483	2.214041511880304	5.0	1.542588024915064	5.0	5.0	5.0	1.2240070271376635
00:55	0.27136069343491404	4.729647453341244	1.660683952573483	2.214041511880304	5.0	1.542588024915064	5.0	5.0	5.0	1.2240070271376635
01:00	0.27136069343491404	4.729647453341244	1.660683952573483	2.214041511880304	5.0	1.542588024915064	5.0	5.0	5.0	1.2240070271376635
01:05	0.27136069343491404	4.729647453341244	1.660683952573483	2.214041511880304	5.0	1.542588024915064	5.0	5.0	5.0	1.2240070271376635
01:10	0.27136069343491404	4.729647453341244	1.660683952573483	2.214041511880304	5.0	1.542588024915064	5.0	5.0	5.0	1.2240070271376635
01:15	0.27136069343491404	4.729647453341244	1.660683952573483	2.214041511880304	5.0	1.542588024915064	5.0	5.0	5.0	1.2240070271376635
01:20	0.27136069343491404	4.729647453341244	1.660683952573483	2.214041511880304	5.0	1.542588024915064	5.0	5.0	5.0	1.2240070271376635
01:25	0.27136069343491404	4.729647453341244	1.660683952573483	2.214041511880304	5.0	1.542588024915064	5.0	5.0	5.0	1.2240070271376635
01:30	0.27136069343491404	4.729647453341244	1.660683952573483	2.214041511880304	5.0	1.542588024915064	5.0	5.0	5.0	1.2240070271376635
01:35	0.27136069343491404	4.729647453341244	1.660683952573483	2.214041511880304	5.0	1.542588024915064	5.0	5.0	5.0	1.2240070271376635
01:40	0.27136069343491404	4.729647453341244	1.660683952573483	2.214041511880304	5.0	1.542588024915064	5.0	5.0	5.0	1.2240070271376635
01:45	0.27136069343491404	4.729647453341244	1.660683952573483	2.214041511880304	5.0	1.542588024915064	5.0	5.0	5.0	1.2240070271376635
01:50	0.27136069343491404	4.729647453341244	1.660683952573483	2.214041511880304	5.0	1.542588024915064	5.0	5.0	5.0	1.2240070271376635
01:55	0.27136069343491404	4.729647453341244	1.660683952573483	2.214041511880304	5.0	1.542588024915064	5.0	5.0	5.0	1.2240070271376635
02:00	0.27136069343491404	4.729647453341244	1.660683952573483	2.214041511880304	5.0	1.542588024915064	5.0	5.0	5.0	1.2240070271376635
02:05	0.27136069343491404	4.729647453341244	1.660683952573483	2.214041511880304	5.0	1.542588024915064	5.0	5.0	5.0	1.2240070271376635
02:10	0.27136069343491404	4.729647453341244	1.660683952573483	2.214041511880304	5.0	1.542588024915064	5.0	5.0	5.0	1.2240070271376635
02:15	0.27136069343491404	4.729647453341244	1.660683952573483	2.214041511880304	5.0	1.542588024915064	5.0	5.0	5.0	1.2240070271376635
02:20	0.27136069343491404	4.729647453341244	1.660683952573483	2.214041511880304	5.0	1.542588024915064	5.0	5.0	5.0	1.2240070271376635
02:25	0.27136069343491404	4.729647453341244	1.660683952573483	2.214041511880304	5.0	1.542588024915064	5.0	5.0	5.0	1.2240070271376635
02:30	0.27136069343491404	4.729647453341244	1.660683952573483	2.214041511880304	5.0	1.542588024915064	5.0	5.0	5.0	1.2240070271376635
02:35	0.27136069343491404	4.729647453341244	1.660683952573483	2.214041511880304	5.0	1.542588024915064	5.0	5.0	5.0	1.2240070271376635
02:40	0.27136069343491404	4.729647453341244	1.660683952573483	2.214041511880304	5.0	1.542588024915064	5.0	5.0	5.0	1.2240070271376635
02:45	0.27136069343491404	4.729647453341244	1.660683952573483	2.214041511880304	5.0	1.542588024915064	5.0	5.0	5.0	1.2240070271376635
02:50	0.27136069343491404	4.729647453341244	1.660683952573483	2.214041511880304	5.0	1.542588024915064	5.0	5.0	5.0	1.2240070271376635
02:55	0.27136069343491404	4.729647453341244	1.660683952573483	2.214041511880304	5.0	1.542588024915064	5.0	5.0	5.0	1.2240070271376635
03:00	0.27136069343491404	4.729647453341244	1.660683952573483	2.214041511880304	5.0	1.542588024915064	5.0	5.0	5.0	1.2240070271376635
03:05	0.27136069343491404	4.729647453341244	1.660683952573483	2.214041511880304	5.0	1.542588024915064	5.0	5.0	5.0	1.2240070271376635
03:10	0.27136069343491404	4.729647453341244	1.660683952573483	2.214041511880304	5.0	1.542588024915064	5.0	5.0	5.0	1.2240070271376635
03:15	0.27136069343491404	4.729647453341244	1.660683952573483	2.214041511880304	5.0	1.542588024915064	5.0	5.0	5.0	1.2240070271376635
03:20	0.27136069343491404	4.729647453341244	1.660683952573483	2.214041511880304	5.0	1.542588024915064	5.0	5.0	5.0	1.2240070271376635
03:25	0.27136069343491404	4.729647453341244	1.660683952573483	2.214041511880304	5.0	1.542588024915064	5.0	5.0	5.0	1.2240070271376635
03:30	0.27136069343491404	4.729647453341244	1.660683952573483	2.214041511880304	5.0	1.542588024915064	5.0	5.0	5.0	1.2240070271376635
03:35	0.27136069343491404	4.729647453341244	1.660683952573483	2.214041511880304	5.0	1.542588024915064	5.0	5.0	5.0	1.2240070271376635
03:40	0.27136069343491404	4.729647453341244	1.660683952573483	2.214041511880304	5.0	1.542588024915064	5.0	5.0	5.0	1.2240070271376635
03:45	0.27136069343491404	4.729647453341244	1.660683952573483	2.214041511880304	5.0	1.542588024915064	5.0	5.0	5.0	1.2240070271376635
03:50	0.27136069343491404	4.729647453341244	1.660683952573483	2.214041511880304	5.0	1.542588024915064	5.0	5.0	5.0	1.2240070271376635
03:55	0.27136069343491404	4.729647453341244	1.660683952573483	2.214041511880304	5.0	1.542588024915064	5.0	5.0	5.0	1.2240070271376635
04:00	0.27136069343491404	4.729647453341244	1.660683952573483	2.214041511880304	5.0	1.542588024915064	5.0	5.0	5.0	1.2240070271376635
04:05	0.27136069343491404	4.729647453341244	1.660683952573483	2.214041511880304	5.0	1.542588024915064	5.0	5.0	5.0	1.2240070271376635
04:10	0.27136069343491404	4.729647453341244	1.660683952573483	2.214041511880304	5.0	1.542588024915064	5.0	5.0	5.0	1.2240070271376635
04:15	0.27136069343491404	4.729647453341244	1.660683952573483	2.214041511880304	5.0	1.542588024915064	5.0	5.0	5.0	1.2240070271376635
04:20	0.27136069343491404	4.729647453341244	1.660683952573483	2.214041511880304	5.0	1.542588024915064	5.0	5.0	5.0	1.2240070271376635
04:25	0.27136069343491404	4.729647453341244	1.660683952573483	2.214041511880304	5.0	1.542588024915064	5.0	5.0	5.0	1.2240070271376635
04:30	0.27136069343491404	4.729647453341244	1.660683952573483	2.214041511880304	5.0	1.542588024915064	5.0	5.0	5.0	1.2240070271376635
04:35	0.27136069343491404	4.729647453341244	1.660683952573483	2.214041511880304	5.0	1.542588024915064	5.0	5.0	5.0	1.2240070271376635
04:40	0.27136069343491404	4.729647453341244	1.660683952573483	2.214041511880304	5.0	1.542588024915064	5.0	5.0	5.0	1.2240070271376635
04:45	0.27136069343491404	4.729647453341244	1.660683952573483	2.214041511880304	5.0	1.542588024915064	5.0	5.0	5.0	1.2240070271376635
04:50	0.27136069343491404	4.729647453341244	1.660683952573483	2.214041511880304	5.0	1.542588024915064	5.0	5.0	5.0	1.2240070271376635
04:55	0.27136069343491404	4.729647453341244	1.660683952573483	2.214041511880304	5.0	1.542588024915064	5.0	5.0	5.0	1.2240070271376635
05:00	0.27136069343491404	4.729647453341244	1.660683952573483	2.214041511880304	5.0	1.542588024915064	5.0	5.0	5.0	1.2240070271376635
05:05	0.27136069343491404	4.729647453341244	1.660683952573483	2.214041511880304	5.0	1.542588024915064	5.0	5.0	5.0	1.2240070271376635
05:10	0.27136069343491404	4.729647453341244	1.660683952573483	2.214041511880304	5.0	1.542588024915064	5.0	5.0	5.0	1.2240070271376635
05:15	0.27136069343491404	4.729647453341244	1.660683952573483	2.214041511880304	5.0	1.542588024915064	5.0	5.0	5.0	1.2240070271376635
05:20	0.27136069343491404	4.729647453341244	1.660683952573483	2.214041511880304	5.0	1.542588024915064	5.0	5.0	5.0	1.2240070271376635
05:25	0.27136069343491404	4.729647453341244	1.660683952573483	2.214041511880304	5.0	1.542588024915064	5.0	5.0	5.0	1.2240070271376635
05:30	0.27136069343491404	4.729647453341244	1.660683952573483	2.214041511880304	5.0	1.542588024915064	5.0	5.0	5.0	1.2240070271376635
05:35	0.27136069343491404	4.729647453341244	1.660683952573483	2.214041511880304	5.0	1.542588024915064	5.0	5.0	5.0	1.2240070271376635
05:40	0.27136069343491404	4.729647453341244	1.660683952573483	2.214041511880304	5.0	1.542588024915064	5.0	5.0	5.0	1.2240070271376635
05:45	0.27136069343491404	4.729647453341244	1.660683952573483	2.214041511880304	5.0	1.542588024915064	5.0	5.0	5.0	1.2240070271376635
05:50	0.27136069343491404	4.729647453341244	1.660683952573483	2.214041511880304	5.0	1.542588024915064	5.0	5.0	5.0	1.2240070271376635
05:55	0.27136069343491404	4.729647453341244	1.660683952573483	2.214041511880304	5.0	1.542588024915064	5.0	5.0	5.0	1.2240070271376635
06:00	0.27136069343491404	4.729647453341244	1.660683952573483	2.214041511880304	5.0	1.542588024915064	5.0	5.0	5.0	1.2240070271376635
06:05	0.27136069343491404	4.729647453341244	1.660683952573483	2.214041511880304	5.0	1.542588024915064	5.0	5.0	5.0	1.2240070271376635
06:10	0.27136069343491404	4.729647453341244	1.660683952573483	2.214041511880304	5.0	1.542588024915064	5.0	5.0	5.0	1.2240070271376635
06:15	0.27136069343491404	4.729647453341244	1.660683952573483	2.214041511880304	5.0	1.542588024915064	5.0	5.0	5.0	1.2240070271376635
06:20	0.27136069343491404	4.729647453341244	1.660683952573483	2.214041511880304	5.0	1.542588024915064	5.0	5.0	5.0	1.2240070271376635
06:25	0.27136069343491404	4.729647453341244	1.660683952573483	2.214041511880304	5.0	1.542588024915064	5.0	5.0	5.0	1.2240070271376635
06:30	0.27136069343491404	4.729647453341244	1.660683952573483	2.214041511880304	5.0	1.542588024915064	5.0	5.0	5.0	1.2240070271376635
06:35	0.27136069343491404	4.729647453341244	1.660683952573483	2.214041511880304	5.0	1.542588024915064	5.0	5.0	5.0	1.2240070271376635
06:40	0.27136069343491404	4.729647453341244	1.660683952573483	2.214041511880304	5.0	1.542588024915064	5.0	5.0	5.0	1.2240070271376635
06:45	0.27136069343491404	4.729647453341244	1.660683952573483	2.214041511880304	5.0	1.542588024915064	5.0	5.0	5.0	1.2240070271376635
06:50	0.27136069343491404	4.729647453341244	1.660683952573483	2.214041511880304	5.0	1.542588024915064	5.0	5.0	5.0	1.2240070271376635
06:55	0.27136069343491404	4.729647453341244	1.660683952573483	2.214041511880304	5.0	1.542588024915064	5.0	5.0	5.0	1.2240070271376635
07:00	0.27136069343491404	4.729647453341244	1.660683952573483	2.214041511880304	5.0	1.542588024915064	5.0	5.0	5.0	1.2240070271376635
07:05	0.27136069343491404	4.729647453341244	1.660683952573483	2.214041511880304	5.0	1.542588024915064	5.0	5.0	5.0	1.2240070271376635
07:10	0.27136069343491404	4.729647453341244	1.660683952573483	2.214041511880304	5.0	1.542588024915064	5.0	5.0	5.0	1.2240070271376635
07:15	0.27136069343491404	4.729647453341244	1.660683952573483	2.214041511880304	5.0	1.542588024915064	5.0	5.0	5.0	1.2240070271376635
07:20	0.27136069343491404	4.729647453341244	1.660683952573483	2.214041511880304	5.0	1.542588024915064	5.0	5.0	5.0	1.2240070271376635
07:25	0.27136069343491404	4.729647453341244	1.660683952573483	2.214041511880304	5.0	1.542588024915064	5.0	5.0	5.0	1.2240070271376635
07:30	0.27136069343491404	4.729647453341244	1.660683952573483	2.214041511880304	5.0	1.542588024915064	5.0	5.0	5.0	1.2240070271376635
07:35	0.27136069343491404	4.729647453341244	1.660683952573483	2.214041511880304	5.0	1.542588024915064	5.0	5.0	5.0	1.2240070271376635
07:40	0.27136069343491404	4.729647453341244	1.660683952573483	2.214041511880304	5.0	1.542588024915064	5.0	5.0	5.0	1.2240070271376635
07:45	0.27136069343491404	4.729647453341244	1.660683952573483	2.214041511880304	5.0	1.542588024915064	5.0	5.0	5.0	1.2240070271376635
07:50	0.27136069343491404	4.729647453341244	1.660683952573483	2.214041511880304	5.0	1.542588024915064	5.0	5.0	5.0	1.2240070271376635
07:55	0.27136069343491404	4.729647453341244	1.660683952573483	2.214041511880304	5.0	1.542588024915064	5.0	5.0	5.0	1.2240070271376635
08:00	0.27136069343491404	4.729647453341244	1.660683952573483	2.214041511880304	5.0	1.542588024915064	5.0	5.0	5.0	1.2240070271376635
08:05	0.27136069343491404	4.729647453341244	1.660683952573483	2.214041511880304	5.0	1.542588024915064	5.0	5.0	5.0	1.2240070271376635
08:10	0.27136069343491404	4.729647453341244	1.660683952573483	2.214041511880304	5.0	1.542588024915064	5.0	5.0	5.0	1.2240070271376635
08:15	0.27136069343491404	4.729647453341244	1.660683952573483	2.214041511880304	5.0	1.542588024915064	5.0	5.0	5.0	1.2240070271376635
08:20	0.27136069343491404	4.729647453341244	1.660683952573483	2.214041511880304	5.0	1.542588024915064	5.0	5.0	5.0	1.2240070271376635
08:25	0.27136069343491404	4.729647453341244	1.660683952573483	2.214041511880304	5.0	1.542588024915064	5.0	5.0	5.0	1.2240070271376635
08:30	0.27136069343491404	4.729647453341244	1.660683952573483	2.214041511880304	5.0	1.542588024915064	5.0	5.0	5.0	1.2240070271376635
08:35	0.27136069343491404	4.729647453341244	1.660683952573483	2.214041511880304	5.0	1.542588024915064	5.0	5.0	5.0	1.2240070271376635
08:40	0.27136069343491404	4.729647453341244	1.660683952573483	2.214041511880304	5.0	1.542588024915064	5.0	5.0	5.0	1.2240070271376635
08:45	0.27136069343491404	4.729647453341244	1.660683952573483	2.214041511880304	5.0	1.542588024915064	5.0	5.0	5.0	1.2240070271376635
08:50	0.27136069343491404	4.729647453341244	1.660683952573483	2.214041511880304	5.0	1.542588024915064	5.0	5.0	5.0	1.2240070271376635
08:55	0.27136069343491404	4.729647453341244	1.660683952573483	2.214041511880304	5.0	1.542588024915064	5.0	5.0	5.0	1.2240070271376635
09:00	0.27136069343491404	4.729647453341244	1.660683952573483	2.214041511880304	5.0	1.542588024915064	5.0	5.0	5.0	1.2240070271376635
09:05	0.0	5.0	0.6473975999434247	2.6182790620900596	4.339082350263041	0.5433787079470797	4.322297238807789	4.085911381838133	4.236924837985016	1.1765124723650389
09:10	0.3611111111111111	5.0	0.2720226289708178	3.0349457287567265	3.996229060986273	0.26252513835275365	3.9890071195735266	4.0606960222709025	3.6043258493645576	1.1765124723650389
09:15	0.7777777777777778	5.0	0.6886892956374844	3.451612395423393	4.4128957276529395	0.26252513835275365	4.405673786240193	4.0606960222709025	3.6043258493645576	1.1765124723650389
09:20	1.1944444444444444	5.0	1.1053559623041511	3.8682790620900596	4.829562394319606	0.26252513835275365	4.82234045290686	4.0606960222709025	3.6043258493645576	1.1765124723650389
09:25	1.6111111111111112	5.0	1.5220226289708179	4.2849457287567265	5.0	0.26252513835275365	5.0	4.0606960222709025	3.6043258493645576	1.1765124723650389
09:30	2.0277777777777777	5.0	1.9386892956374844	4.7016123954233935	5.0	0.26252513835275365	5.0	4.0606960222709025	3.6043258493645576	1.1765124723650389
09:35	2.4444444444444446	5.0	2.355355962304151	5.0	5.0	0.26252513835275365	5.0	4.0606960222709025	3.6043258493645576	1.1765124723650389
09:40	2.861111111111111	5.0	2.772022628970818	5.0	5.0	0.26252513835275365	5.0	4.0606960222709025	3.6043258493645576	1.1765124723650389
09:45	3.2777777777777777	5.0	3.1886892956374844	5.0	5.0	0.26252513835275365	5.0	4.0606960222709025	3.6043258493645576	1.1765124723650389
09:50	3.6944444444444446	5.0	3.605355962304151	5.0	5.0	0.26252513835275365	5.0	4.0606960222709025	3.6043258493645576	1.1765124723650389
09:55	4.111111111111111	5.0	4.022022628970817	5.0	5.0	0.26252513835275365	5.0	4.0606960222709025	3.6043258493645576	1.1765124723650389
10:00	4.527777777777778	5.0	4.438689295637484	5.0	5.0	0.26252513835275365	5.0	4.0606960222709025	3.6043258493645576	1.1765124723650389
10:05	4.944444444444445	5.0	4.855355962304151	5.0	5.0	0.26252513835275365	5.0	4.0606960222709025	3.6043258493645576	1.1765124723650389
10:10	5.0	5.0	5.0	5.0	5.0	0.26252513835275365	5.0	4.0606960222709025	3.6043258493645576	1.1765124723650389
10:15	5.0	5.0	5.0	5.0	5.0	0.26252513835275365	5.0	4.0606960222709025	3.6043258493645576	1.1765124723650389
10:20	5.0	5.0	5.0	5.0	5.0	0.26252513835275365	5.0	4.0606960222709025	3.6043258493645576	1.1765124723650389
10:25	5.0	5.0	5.0	5.0	5.0	0.26252513835275365	5.0	4.0606960222709025	3.6043258493645576	1.1765124723650389
10:30	5.0	5.0	5.0	5.0	5.0	0.26252513835275365	5.0	4.0606960222709025	3.6043258493645576	1.1765124723650389
10:35	5.0	5.0	5.0	5.0	5.0	0.26252513835275365	5.0	4.0606960222709025	3.6043258493645576	1.1765124723650389
10:40	4.546626879075368	5.0	4.63477632389106	5.0	4.856308169288999	0.26252513835275365	5.0	4.0606960222709025	3.6043258493645576	1.1765124723650389
10:45	4.546626879075368	5.0	4.63477632389106	5.0	4.796665465796534	0.26252513835275365	5.0	4.0606960222709025	3.6043258493645576	1.1765124723650389
10:50	4.546626879075368	5.0	4.63477632389106	5.0	5.0	0.26252513835275365	5.0	4.0606960222709025	3.6043258493645576	1.1765124723650389
10:55	4.546626879075368	5.0	4.63477632389106	5.0	5.0	0.26252513835275365	5.0	4.0606960222709025	3.6043258493645576	1.1765124723650389
11:00	4.546626879075368	5.0	4.63477632389106	5.0	5.0	0.26252513835275365	5.0	4.0606960222709025	3.6043258493645576	1.1765124723650389
11:05	4.546626879075368	5.0	4.63477632389106	5.0	5.0	0.26252513835275365	5.0	4.0606960222709025	3.6043258493645576	1.1765124723650389
11:10	4.546626879075368	5.0	4.63477632389106	5.0	5.0	0.26252513835275365	5.0	4.0606960222709025	3.6043258493645576	1.1765124723650389
11:15	4.546626879075368	5.0	4.63477632389106	5.0	5.0	0.26252513835275365	5.0	4.0606960222709025	3.6043258493645576	1.1765124723650389
11:20	4.546626879075368	5.0	4.63477632389106	5.0	5.0	0.26252513835275365	5.0	4.0606960222709025	3.6043258493645576	1.1765124723650389
11:25	4.546626879075368	5.0	4.63477632389106	5.0	5.0	0.26252513835275365	5.0	4.0606960222709025	3.6043258493645576	1.1765124723650389
11:30	4.546626879075368	5.0	4.63477632389106	5.0	5.0	0.26252513835275365	5.0	4.0606960222709025	3.6043258493645576	1.1765124723650389
11:35	4.546626879075368	5.0	4.63477632389106	5.0	5.0	0.26252513835275365	5.0	4.0606960222709025	3.6043258493645576	1.1765124723650389
11:40	4.546626879075368	5.0	4.63477632389106	5.0	5.0	0.26252513835275365	5.0	4.0606960222709025	3.6043258493645576	1.1765124723650389
11:45	4.546626879075368	5.0	4.63477632389106	5.0	5.0	0.26252513835275365	5.0	4.0606960222709025	3.6043258493645576	1.1765124723650389
11:50	4.546626879075368	5.0	4.63477632389106	5.0	5.0	0.26252513835275365	5.0	4.0606960222709025	3.6043258493645576	1.1765124723650389
11:55	4.546626879075368	5.0	4.63477632389106	5.0	5.0	0.26252513835275365	5.0	4.0606960222709025	3.6043258493645576	1.1765124723650389
12:00	4.546626879075368	5.0	4.63477632389106	5.0	5.0	0.26252513835275365	5.0	4.0606960222709025	3.6043258493645576	1.1765124723650389
12:05	4.546626879075368	5.0	4.63477632389106	5.0	5.0	0.26252513835275365	5.0	4.0606960222709025	3.6043258493645576	1.1765124723650389
12:10	4.546626879075368	5.0	4.63477632389106	5.0	5.0	0.26252513835275365	5.0	4.0606960222709025	3.6043258493645576	1.1765124723650389
12:15	4.546626879075368	5.0	4.63477632389106	5.0	4.9117466483148196	0.26252513835275365	5.0	4.0606960222709025	3.6043258493645576	1.1765124723650389
12:20	4.546626879075368	5.0	4.63477632389106	5.0	5.0	0.26252513835275365	5.0	4.0606960222709025	3.6043258493645576	1.1765124723650389
12:25	4.546626879075368	5.0	4.63477632389106	5.0	5.0	0.26252513835275365	5.0	4.0606960222709025	3.6043258493645576	1.1765124723650389
12:30	4.546626879075368	5.0	4.63477632389106	5.0	5.0	0.26252513835275365	5.0	4.0606960222709025	3.6043258493645576	1.1765124723650389
12:35	4.546626879075368	5.0	4.63477632389106	5.0	5.0	0.26252513835275365	5.0	4.0606960222709025	3.6043258493645576	1.1765124723650389
12:40	4.546626879075368	5.0	4.63477632389106	5.0	5.0	0.26252513835275365	5.0	4.0606960222709025	3.6043258493645576	1.1765124723650389
12:45	4.546626879075368	5.0	4.63477632389106	5.0	5.0	0.26252513835275365	5.0	4.0606960222709025	3.6043258493645576	1.1765124723650389
12:50	4.546626879075368	5.0	4.63477632389106	5.0	5.0	0.26252513835275365	5.0	4.0606960222709025	3.6043258493645576	1.1765124723650389
12:55	4.546626879075368	5.0	4.63477632389106	5.0	5.0	0.26252513835275365	5.0	4.0606960222709025	3.6043258493645576	1.1765124723650389
13:00	4.546626879075368	5.0	4.63477632389106	5.0	5.0	0.26252513835275365	5.0	4.0606960222709025	3.6043258493645576	1.1765124723650389
13:05	4.546626879075368	5.0	4.63477632389106	5.0	5.0	0.26252513835275365	5.0	4.0606960222709025	3.6043258493645576	1.1765124723650389
13:10	4.546626879075368	5.0	4.63477632389106	5.0	5.0	0.26252513835275365	5.0	4.0606960222709025	3.6043258493645576	1.1765124723650389
13:15	4.546626879075368	5.0	4.63477632389106	5.0	5.0	0.26252513835275365	5.0	4.0606960222709025	3.6043258493645576	1.1765124723650389
13:20	4.546626879075368	5.0	4.63477632389106	5.0	5.0	0.26252513835275365	5.0	4.0606960222709025	3.6043258493645576	1.1765124723650389
13:25	4.546626879075368	5.0	4.63477632389106	5.0	5.0	0.26252513835275365	5.0	4.0606960222709025	3.6043258493645576	1.1765124723650389
13:30	4.546626879075368	5.0	4.63477632389106	5.0	5.0	0.26252513835275365	5.0	4.0606960222709025	3.6043258493645576	1.1765124723650389
13:35	4.546626879075368	5.0	4.63477632389106	4.120470899145971	5.0	0.26252513835275365	5.0	4.0606960222709025	3.6043258493645576	1.1765124723650389
13:40	4.546626879075368	5.0	4.63477632389106	4.04827903740392	5.0	0.26252513835275365	5.0	4.0606960222709025	3.6043258493645576	1.1765124723650389
13:45	4.546626879075368	5.0	4.63477632389106	4.464945704070587	4.789341547131022	0.26252513835275365	5.0	4.0606960222709025	3.6043258493645576	1.1765124723650389
13:50	4.546626879075368	5.0	4.63477632389106	4.881612370737253	3.860026532053551	0.26252513835275365	5.0	4.0606960222709025	3.6043258493645576	1.1765124723650389
13:55	4.546626879075368	5.0	4.63477632389106	5.0	4.276693198720218	0.26252513835275365	5.0	4.0606960222709025	3.6043258493645576	1.1765124723650389
14:00	4.546626879075368	5.0	4.63477632389106	5.0	4.693359865386885	0.26252513835275365	5.0	4.0606960222709025	3.6043258493645576	1.1765124723650389
14:05	4.546626879075368	5.0	4.63477632389106	5.0	5.0	0.26252513835275365	5.0	4.0606960222709025	3.6043258493645576	1.1765124723650389
14:10	4.546626879075368	5.0	4.63477632389106	5.0	5.0	0.26252513835275365	5.0	4.0606960222709025	3.6043258493645576	1.1765124723650389
14:15	4.546626879075368	5.0	4.63477632389106	5.0	5.0	0.26252513835275365	5.0	4.0606960222709025	3.6043258493645576	1.1765124723650389
14:20	4.546626879075368	5.0	4.63477632389106	5.0	5.0	0.26252513835275365	5.0	4.0606960222709025	3.6043258493645576	1.1765124723650389
14:25	4.546626879075368	5.0	4.63477632389106	5.0	5.0	0.26252513835275365	5.0	4.0606960222709025	3.6043258493645576	1.1765124723650389
14:30	4.546626879075368	5.0	4.63477632389106	5.0	5.0	0.26252513835275365	5.0	4.0606960222709025	3.6043258493645576	1.1765124723650389
14:35	4.546626879075368	5.0	4.63477632389106	5.0	5.0	0.26252513835275365	5.0	4.0606960222709025	3.6043258493645576	1.1765124723650389
14:40	4.546626879075368	5.0	4.63477632389106	5.0	5.0	0.26252513835275365	5.0	4.0606960222709025	3.6043258493645576	1.1765124723650389
14:45	4.546626879075368	5.0	4.63477632389106	5.0	5.0	0.26252513835275365	5.0	4.0606960222709025	3.6043258493645576	1.1765124723650389
14:50	4.546626879075368	5.0	4.63477632389106	5.0	5.0	0.26252513835275365	5.0	4.0606960222709025	3.6043258493645576	1.1765124723650389
14:55	4.546626879075368	5.0	4.63477632389106	5.0	5.0	0.26252513835275365	5.0	4.0606960222709025	3.6043258493645576	1.1765124723650389
15:00	4.546626879075368	5.0	4.63477632389106	5.0	5.0	0.26252513835275365	5.0	4.0606960222709025	3.6043258493645576	1.1765124723650389
15:05	4.546626879075368	5.0	4.63477632389106	5.0	5.0	0.26252513835275365	5.0	4.0606960222709025	3.6043258493645576	1.1765124723650389
15:10	4.546626879075368	5.0	4.63477632389106	5.0	5.0	0.26252513835275365	5.0	4.0606960222709025	3.6043258493645576	1.1765124723650389
15:15	4.546626879075368	5.0	4.63477632389106	5.0	5.0	0.26252513835275365	5.0	4.0606960222709025	3.6043258493645576	1.1765124723650389
15:20	4.546626879075368	5.0	4.63477632389106	5.0	4.930626912157683	0.26252513835275365	5.0	4.0606960222709025	3.6043258493645576	1.1765124723650389
15:25	4.546626879075368	5.0	4.63477632389106	5.0	4.064876364294947	0.26252513835275365	5.0	4.0606960222709025	3.6043258493645576	1.1765124723650389
15:30	4.546626879075368	5.0	4.63477632389106	5.0	4.295255890832978	0.26252513835275365	5.0	4.0606960222709025	3.6043258493645576	1.1765124723650389
15:35	4.546626879075368	5.0	4.63477632389106	5.0	4.711922557499645	0.26252513835275365	5.0	4.0606960222709025	3.6043258493645576	1.1765124723650389
15:40	4.546626879075368	5.0	4.63477632389106	5.0	5.0	0.26252513835275365	5.0	4.0606960222709025	3.6043258493645576	1.1765124723650389
15:45	4.546626879075368	5.0	4.63477632389106	5.0	5.0	0.26252513835275365	5.0	4.0606960222709025	3.6043258493645576	1.1765124723650389
15:50	4.546626879075368	5.0	4.63477632389106	5.0	5.0	0.26252513835275365	5.0	4.0606960222709025	3.6043258493645576	1.1765124723650389
15:55	4.546626879075368	5.0	4.63477632389106	5.0	5.0	0.26252513835275365	5.0	4.0606960222709025	3.6043258493645576	1.1765124723650389
16:00	4.546626879075368	5.0	4.63477632389106	5.0	5.0	0.26252513835275365	5.0	4.0606960222709025	3.6043258493645576	1.1765124723650389
16:05	4.546626879075368	5.0	4.63477632389106	5.0	5.0	0.26252513835275365	5.0	4.0606960222709025	3.6043258493645576	1.1765124723650389
16:10	4.546626879075368	5.0	4.63477632389106	5.0	5.0	0.26252513835275365	5.0	4.0606960222709025	3.6043258493645576	1.1765124723650389
16:15	4.546626879075368	5.0	4.63477632389106	5.0	5.0	0.26252513835275365	5.0	4.0606960222709025	3.6043258493645576	1.1765124723650389
16:20	4.546626879075368	5.0	4.63477632389106	5.0	5.0	0.26252513835275365	5.0	4.0606960222709025	3.6043258493645576	1.1765124723650389
16:25	4.546626879075368	5.0	4.63477632389106	5.0	5.0	0.26252513835275365	5.0	4.0606960222709025	3.6043258493645576	1.1765124723650389
16:30	4.546626879075368	5.0	4.63477632389106	5.0	5.0	0.26252513835275365	5.0	4.0606960222709025	3.6043258493645576	1.1765124723650389
16:35	4.546626879075368	4.251393307870805	4.63477632389106	5.0	5.0	0.26252513835275365	5.0	4.0606960222709025	3.6043258493645576	1.1765124723650389
16:40	4.546626879075368	3.3039872940504726	4.63477632389106	5.0	5.0	0.26252513835275365	5.0	4.0606960222709025	3.6043258493645576	1.1765124723650389
16:45	4.546626879075368	3.250406167326272	4.63477632389106	5.0	5.0	0.26252513835275365	5.0	4.0606960222709025	3.6043258493645576	1.1765124723650389
16:50	4.546626879075368	3.667072833992939	4.63477632389106	5.0	5.0	0.26252513835275365	5.0	4.0606960222709025	3.6043258493645576	1.1765124723650389
16:55	4.546626879075368	4.083739500659606	4.63477632389106	5.0	5.0	0.26252513835275365	5.0	4.0606960222709025	3.6043258493645576	1.1765124723650389
17:00	4.546626879075368	4.500406167326272	4.63477632389106	5.0	4.146711700542288	0.26252513835275365	5.0	4.0606960222709025	3.6043258493645576	1.1765124723650389
17:05	4.546626879075368	4.917072833992938	4.63477632389106	5.0	4.34946376651332	0.26252513835275365	5.0	4.0606960222709025	3.6043258493645576	1.1765124723650389
17:10	4.546626879075368	5.0	4.63477632389106	5.0	4.7661304331799865	0.26252513835275365	5.0	4.0606960222709025	3.6043258493645576	1.1765124723650389
17:15	4.546626879075368	5.0	4.63477632389106	5.0	5.0	0.26252513835275365	5.0	4.0606960222709025	3.6043258493645576	1.1765124723650389
17:20	4.546626879075368	5.0	4.63477632389106	5.0	5.0	0.26252513835275365	5.0	4.0606960222709025	3.6043258493645576	1.1765124723650389
17:25	4.546626879075368	5.0	4.63477632389106	5.0	5.0	0.26252513835275365	5.0	4.0606960222709025	3.6043258493645576	1.1765124723650389
17:30	4.546626879075368	5.0	4.63477632389106	5.0	5.0	0.26252513835275365	5.0	4.0606960222709025	3.6043258493645576	1.1765124723650389
17:35	4.546626879075368	5.0	4.63477632389106	5.0	5.0	0.26252513835275365	5.0	4.0606960222709025	3.6043258493645576	1.1765124723650389
17:40	4.546626879075368	5.0	4.63477632389106	5.0	5.0	0.26252513835275365	5.0	4.0606960222709025	3.6043258493645576	1.1765124723650389
17:45	4.546626879075368	5.0	4.63477632389106	5.0	5.0	0.26252513835275365	5.0	4.0606960222709025	3.6043258493645576	1.1765124723650389
17:50	4.546626879075368	5.0	4.63477632389106	5.0	5.0	0.26252513835275365	5.0	4.0606960222709025	3.6043258493645576	1.1765124723650389
17:55	4.546626879075368	5.0	4.63477632389106	5.0	5.0	0.26252513835275365	5.0	4.0606960222709025	3.6043258493645576	1.1765124723650389
18:00	4.546626879075368	5.0	4.63477632389106	5.0	5.0	0.26252513835275365	5.0	4.0606960222709025	3.6043258493645576	1.1765124723650389
18:05	3.7467478331869994	5.0	3.564140994001231	5.0	5.0	0.0	5.0	3.1429313115010933	2.654154729463104	0.12833624607735886
18:10	4.163414499853666	5.0	3.245740889655024	4.481587097833698	5.0	0.0	5.0	2.575890087324738	2.654154729463104	0.3472222222222222
18:15	4.5800811665203325	4.48432510388853	3.245740889655024	4.428808048490868	5.0	0.0	5.0	2.575890087324738	2.654154729463104	0.7638888888888888
18:20	4.996747833186999	3.587756504956404	3.245740889655024	4.845474715157534	5.0	0.0	5.0	2.575890087324738	2.654154729463104	1.1805555555555556
18:25	5.0	3.0990104959077676	3.245740889655024	5.0	5.0	0.0	5.0	2.575890087324738	2.654154729463104	1.5972222222222223
18:30	5.0	3.5156771625744345	3.245740889655024	5.0	5.0	0.0	5.0	2.575890087324738	2.654154729463104	2.013888888888889
18:35	5.0	3.932343829241101	3.245740889655024	5.0	5.0	0.0	5.0	2.575890087324738	2.654154729463104	2.4305555555555554
18:40	5.0	4.349010495907768	3.245740889655024	5.0	5.0	0.0	5.0	2.575890087324738	2.654154729463104	2.8472222222222223
18:45	5.0	4.765677162574434	3.245740889655024	5.0	5.0	0.0	5.0	2.575890087324738	2.654154729463104	3.263888888888889
18:50	5.0	5.0	3.245740889655024	5.0	5.0	0.0	5.0	2.575890087324738	2.654154729463104	3.6805555555555554
18:55	5.0	5.0	3.245740889655024	5.0	5.0	0.0	5.0	2.575890087324738	2.654154729463104	4.097222222222222
19:00	5.0	5.0	3.245740889655024	5.0	5.0	0.0	5.0	2.575890087324738	2.654154729463104	4.513888888888889
19:05	5.0	5.0	3.245740889655024	5.0	5.0	0.0	5.0	2.575890087324738	2.654154729463104	4.930555555555555
19:10	5.0	5.0	3.245740889655024	5.0	5.0	0.0	5.0	2.575890087324738	2.654154729463104	5.0
19:15	5.0	5.0	3.245740889655024	5.0	5.0	0.0	5.0	2.575890087324738	2.654154729463104	5.0
19:20	5.0	5.0	3.245740889655024	5.0	5.0	0.0	5.0	2.575890087324738	2.654154729463104	5.0
19:25	5.0	5.0	3.245740889655024	5.0	5.0	0.0	5.0	2.575890087324738	2.654154729463104	5.0
19:30	5.0	5.0	3.245740889655024	5.0	5.0	0.0	5.0	2.575890087324738	2.654154729463104	5.0
19:35	4.9027781877810455	5.0	3.245740889655024	5.0	5.0	0.0	5.0	2.575890087324738	2.654154729463104	5.0
19:40	4.9027781877810455	5.0	3.245740889655024	5.0	5.0	0.0	5.0	2.575890087324738	2.654154729463104	4.361283815385118
19:45	4.9027781877810455	5.0	3.245740889655024	4.497885771491139	5.0	0.0	5.0	2.575890087324738	2.654154729463104	4.361283815385118
19:50	4.9027781877810455	5.0	3.245740889655024	3.8812889567840574	5.0	0.0	5.0	2.575890087324738	2.654154729463104	4.361283815385118
19:55	4.9027781877810455	4.760707004462803	3.245740889655024	4.297955623450724	5.0	0.0	5.0	2.575890087324738	2.654154729463104	4.361283815385118
20:00	4.9027781877810455	3.941765719753363	3.245740889655024	4.714622290117391	5.0	0.0	5.0	2.575890087324738	2.654154729463104	4.361283815385118
20:05	4.9027781877810455	2.9847986278785386	3.245740889655024	5.0	4.928048356713519	0.0	5.0	2.575890087324738	2.654154729463104	4.361283815385118
20:10	4.9027781877810455	3.371285838980779	3.245740889655024	5.0	5.0	0.0	5.0	2.575890087324738	2.654154729463104	4.361283815385118
20:15	4.9027781877810455	3.7879525056474455	3.245740889655024	5.0	5.0	0.0	5.0	2.575890087324738	2.654154729463104	4.361283815385118
20:20	4.9027781877810455	4.204619172314112	3.245740889655024	5.0	5.0	0.0	5.0	2.575890087324738	2.654154729463104	4.361283815385118
20:25	4.9027781877810455	4.6212858389807785	3.245740889655024	5.0	5.0	0.0	5.0	2.575890087324738	2.654154729463104	4.361283815385118
20:30	4.9027781877810455	5.0	3.245740889655024	5.0	5.0	0.0	5.0	2.575890087324738	2.654154729463104	4.361283815385118
20:35	4.9027781877810455	5.0	3.245740889655024	5.0	5.0	0.0	5.0	2.575890087324738	2.654154729463104	4.361283815385118
20:40	4.9027781877810455	5.0	3.245740889655024	5.0	5.0	0.0	5.0	2.575890087324738	2.654154729463104	4.361283815385118
20:45	4.9027781877810455	5.0	3.245740889655024	5.0	5.0	0.0	5.0	2.575890087324738	2.654154729463104	4.361283815385118
20:50	4.9027781877810455	5.0	3.245740889655024	5.0	5.0	0.0	5.0	2.575890087324738	2.654154729463104	4.361283815385118
20:55	4.9027781877810455	5.0	3.245740889655024	5.0	5.0	0.0	5.0	2.575890087324738	2.654154729463104	4.361283815385118
21:00	4.9027781877810455	5.0	3.245740889655024	5.0	5.0	0.0	5.0	2.575890087324738	2.654154729463104	4.361283815385118
21:05	4.9027781877810455	5.0	3.245740889655024	5.0	5.0	0.0	5.0	2.575890087324738	2.654154729463104	4.361283815385118
21:10	4.9027781877810455	5.0	3.245740889655024	5.0	5.0	0.0	4.892370412797595	2.575890087324738	2.654154729463104	4.361283815385118
21:15	4.9027781877810455	5.0	3.245740889655024	5.0	5.0	0.0	4.174526438026356	2.575890087324738	2.654154729463104	4.361283815385118
21:20	4.9027781877810455	5.0	3.245740889655024	4.783079894262166	5.0	0.0	4.416341784058291	2.575890087324738	2.654154729463104	4.361283815385118
21:25	4.9027781877810455	5.0	3.245740889655024	4.2681689646118945	5.0	0.0	4.833008450724958	2.575890087324738	2.654154729463104	4.361283815385118
21:30	4.9027781877810455	5.0	3.245740889655024	4.684835631278561	5.0	0.0	5.0	2.575890087324738	2.654154729463104	4.361283815385118
21:35	4.9027781877810455	5.0	3.245740889655024	5.0	4.856703685078416	0.0	5.0	2.575890087324738	2.654154729463104	4.361283815385118
21:40	4.9027781877810455	3.9497979349353884	3.245740889655024	5.0	5.0	0.0	5.0	2.575890087324738	2.654154729463104	4.361283815385118
21:45	4.9027781877810455	2.9518084998098177	3.245740889655024	5.0	5.0	0.0	5.0	2.575890087324738	2.654154729463104	4.361283815385118
21:50	4.9027781877810455	2.5321774301561293	3.245740889655024	5.0	5.0	0.0	5.0	2.575890087324738	2.654154729463104	4.361283815385118
21:55	4.9027781877810455	2.9488440968227962	3.245740889655024	5.0	5.0	0.0	5.0	2.575890087324738	2.654154729463104	4.361283815385118
22:00	4.9027781877810455	3.3655107634894628	3.245740889655024	5.0	5.0	0.0	5.0	2.575890087324738	2.654154729463104	4.361283815385118
22:05	4.9027781877810455	3.7821774301561293	3.245740889655024	5.0	5.0	0.0	5.0	2.575890087324738	2.654154729463104	4.361283815385118
22:10	4.9027781877810455	4.198844096822796	3.245740889655024	5.0	5.0	0.0	5.0	2.575890087324738	2.654154729463104	4.361283815385118
22:15	4.9027781877810455	4.615510763489462	3.245740889655024	5.0	5.0	0.0	5.0	2.575890087324738	2.654154729463104	4.361283815385118
22:20	4.9027781877810455	5.0	3.245740889655024	5.0	5.0	0.0	5.0	2.575890087324738	2.654154729463104	4.361283815385118
22:25	4.9027781877810455	5.0	3.245740889655024	5.0	5.0	0.0	5.0	2.575890087324738	2.654154729463104	4.361283815385118
22:30	4.9027781877810455	5.0	3.245740889655024	5.0	5.0	0.0	5.0	2.575890087324738	2.654154729463104	4.361283815385118
22:35	4.9027781877810455	5.0	3.245740889655024	5.0	5.0	0.0	5.0	2.575890087324738	2.654154729463104	4.361283815385118
22:40	4.9027781877810455	5.0	3.245740889655024	5.0	5.0	0.0	5.0	2.575890087324738	2.654154729463104	4.361283815385118
22:45	4.9027781877810455	5.0	3.245740889655024	5.0	5.0	0.0	5.0	2.575890087324738	2.654154729463104	4.361283815385118
22:50	4.9027781877810455	5.0	3.245740889655024	5.0	5.0	0.0	4.958740403160159	2.575890087324738	2.654154729463104	4.361283815385118
22:55	4.9027781877810455	5.0	3.245740889655024	4.822562272881669	5.0	0.0	5.0	2.575890087324738	2.654154729463104	4.361283815385118
23:00	4.9027781877810455	5.0	3.245740889655024	4.646597508321552	5.0	0.0	5.0	2.575890087324738	2.654154729463104	4.361283815385118
23:05	4.9027781877810455	5.0	3.245740889655024	5.0	4.961062184338699	0.0	5.0	2.575890087324738	2.654154729463104	4.361283815385118
23:10	4.9027781877810455	5.0	3.245740889655024	5.0	4.368641172962809	0.0	5.0	2.575890087324738	2.654154729463104	4.361283815385118
23:15	4.9027781877810455	5.0	3.245740889655024	5.0	4.785307839629477	0.0	5.0	2.575890087324738	2.654154729463104	4.361283815385118
23:20	4.9027781877810455	4.669434607835715	3.245740889655024	5.0	5.0	0.0	5.0	2.575890087324738	2.654154729463104	4.361283815385118
23:25	4.9027781877810455	3.8000222015708247	3.245740889655024	5.0	5.0	0.0	5.0	2.575890087324738	2.654154729463104	4.361283815385118
23:30	4.9027781877810455	2.7469665640175855	3.245740889655024	5.0	5.0	0.0	5.0	2.575890087324738	2.654154729463104	4.361283815385118
23:35	4.9027781877810455	3.163633230684252	3.245740889655024	5.0	5.0	0.0	5.0	2.575890087324738	2.654154729463104	4.361283815385118
23:40	4.9027781877810455	3.580299897350919	3.245740889655024	5.0	5.0	0.0	5.0	2.575890087324738	2.654154729463104	4.361283815385118
23:45	4.9027781877810455	3.9969665640175855	3.245740889655024	5.0	5.0	0.0	5.0	2.575890087324738	2.654154729463104	4.361283815385118
23:50	4.9027781877810455	4.413633230684252	3.245740889655024	5.0	5.0	0.0	5.0	2.575890087324738	2.654154729463104	4.361283815385118
23:55	4.9027781877810455	4.830299897350919	3.245740889655024	5.0	5.0	0.0	5.0	2.575890087324738	2.654154729463104	4.361283815385118
24:00	4.9027781877810455	5.0	3.245740889655024	5.0	5.0	0.0	5.0	2.575890087324738	2.654154729463104	4.361283815385118
