time	0+	0.1+	0.2+	0.3+	0.4+	0.5+	0.6+	0.7+	0.8+	0.9+
00:00	1.0	1.0	0.0	1.0	1.0	1.0	1.0	0.0	0.0	4.0
00:05	1.0	1.0	0.0	1.0	1.0	1.0	1.0	0.0	0.0	4.0
00:10	1.0	1.0	0.0	1.0	1.0	1.0	1.0	0.0	0.0	4.0
00:15	1.0	1.0	0.0	1.0	1.0	1.0	1.0	0.0	0.0	4.0
00:20	1.0	1.0	0.0	1.0	1.0	1.0	1.0	0.0	0.0	4.0
00:25	1.0	1.0	0.0	1.0	1.0	1.0	1.0	0.0	0.0	4.0
00:30	1.0	1.0	0.0	1.0	1.0	1.0	1.0	0.0	0.0	4.0
00:35	1.0	1.0	0.0	1.0	1.0	1.0	1.0	0.0	0.0	4.0
00:40	1.0	1.0	0.0	1.0	1.0	1.0	1.0	0.0	0.0	4.0
00:45	1.0	1.0	0.0	1.0	1.0	1.0	1.0	0.0	0.0	4.0
00:50	1.0	1.0	0.0	1.0	1.0	1.0	1.0	0.0	0.0	4.0
00:55	1.0	1.0	0.0	1.0	1.0	1.0	1.0	0.0	0.0	4.0
01:00	1.0	1.0	0.0	1.0	1.0	1.0	1.0	0.0	0.0	4.0
01:05	1.0	1.0	0.0	1.0	1.0	1.0	1.0	0.0	0.0	4.0
01:10	1.0	1.0	0.0	1.0	1.0	1.0	1.0	0.0	0.0	4.0
01:15	1.0	1.0	0.0	1.0	1.0	1.0	1.0	0.0	0.0	4.0
01:20	1.0	1.0	0.0	1.0	1.0	1.0	1.0	0.0	0.0	4.0
01:25	1.0	1.0	0.0	1.0	1.0	1.0	1.0	0.0	0.0	4.0
01:30	1.0	1.0	0.0	1.0	1.0	1.0	1.0	0.0	0.0	4.0
01:35	1.0	1.0	0.0	1.0	1.0	1.0	1.0	0.0	0.0	4.0
01:40	1.0	1.0	0.0	1.0	1.0	1.0	1.0	0.0	0.0	4.0
01:45	1.0	1.0	0.0	1.0	1.0	1.0	1.0	0.0	0.0	4.0
01:50	1.0	1.0	0.0	1.0	1.0	1.0	1.0	0.0	0.0	4.0
01:55	1.0	1.0	0.0	1.0	1.0	1.0	1.0	0.0	0.0	4.0
02:00	1.0	1.0	0.0	1.0	1.0	1.0	1.0	0.0	0.0	4.0
02:05	1.0	1.0	0.0	1.0	1.0	1.0	1.0	0.0	0.0	4.0
02:10	1.0	1.0	0.0	1.0	1.0	1.0	1.0	0.0	0.0	4.0
02:15	1.0	1.0	0.0	1.0	1.0	1.0	1.0	0.0	0.0	4.0
02:20	1.0	1.0	0.0	1.0	1.0	1.0	1.0	0.0	0.0	4.0
02:25	1.0	1.0	0.0	1.0	1.0	1.0	1.0	0.0	0.0	4.0
02:30	1.0	1.0	0.0	1.0	1.0	1.0	1.0	0.0	0.0	4.0
02:35	1.0	1.0	0.0	1.0	1.0	1.0	1.0	0.0	0.0	4.0
02:40	1.0	1.0	0.0	1.0	1.0	1.0	1.0	0.0	0.0	4.0
02:45	1.0	1.0	0.0	1.0	1.0	1.0	1.0	0.0	0.0	4.0
02:50	1.0	1.0	0.0	1.0	1.0	1.0	1.0	0.0	0.0	4.0
02:55	1.0	1.0	0.0	1.0	1.0	1.0	1.0	0.0	0.0	4.0
03:00	1.0	1.0	0.0	1.0	1.0	1.0	1.0	0.0	0.0	4.0
03:05	1.0	1.0	0.0	1.0	1.0	1.0	1.0	0.0	0.0	4.0
03:10	1.0	1.0	0.0	1.0	1.0	1.0	1.0	0.0	0.0	4.0
03:15	1.0	1.0	0.0	1.0	1.0	1.0	1.0	0.0	0.0	4.0
03:20	1.0	1.0	0.0	1.0	1.0	1.0	1.0	0.0	0.0	4.0
03:25	1.0	1.0	0.0	1.0	1.0	1.0	1.0	0.0	0.0	4.0
03:30	1.0	1.0	0.0	1.0	1.0	1.0	1.0	0.0	0.0	4.0
03:35	1.0	1.0	0.0	1.0	1.0	1.0	1.0	0.0	0.0	4.0
03:40	1.0	1.0	0.0	1.0	1.0	1.0	1.0	0.0	0.0	4.0
03:45	1.0	1.0	0.0	1.0	1.0	1.0	1.0	0.0	0.0	4.0
03:50	1.0	1.0	0.0	1.0	1.0	1.0	1.0	0.0	0.0	4.0
03:55	1.0	1.0	0.0	1.0	1.0	1.0	1.0	0.0	0.0	4.0
04:00	1.0	1.0	0.0	1.0	1.0	1.0	1.0	0.0	0.0	4.0
04:05	1.0	1.0	0.0	1.0	1.0	1.0	1.0	0.0	0.0	4.0
04:10	1.0	1.0	0.0	1.0	1.0	1.0	1.0	0.0	0.0	4.0
04:15	1.0	1.0	0.0	1.0	1.0	1.0	1.0	0.0	0.0	4.0
04:20	1.0	1.0	0.0	1.0	1.0	1.0	1.0	0.0	0.0	4.0
04:25	1.0	1.0	0.0	1.0	1.0	1.0	1.0	0.0	0.0	4.0
04:30	1.0	1.0	0.0	1.0	1.0	1.0	1.0	0.0	0.0	4.0
04:35	1.0	1.0	0.0	1.0	1.0	1.0	1.0	0.0	0.0	4.0
04:40	1.0	1.0	0.0	1.0	1.0	1.0	1.0	0.0	0.0	4.0
04:45	1.0	1.0	0.0	1.0	1.0	1.0	1.0	0.0	0.0	4.0
04:50	1.0	1.0	0.0	1.0	1.0	1.0	1.0	0.0	0.0	4.0
04:55	1.0	1.0	0.0	1.0	1.0	1.0	1.0	0.0	0.0	4.0
05:00	1.0	1.0	0.0	1.0	1.0	1.0	1.0	0.0	0.0	4.0
05:05	1.0	1.0	0.0	1.0	1.0	1.0	1.0	0.0	0.0	4.0
05:10	1.0	1.0	0.0	1.0	1.0	1.0	1.0	0.0	0.0	4.0
05:15	1.0	1.0	0.0	1.0	1.0	1.0	1.0	0.0	0.0	4.0
05:20	1.0	1.0	0.0	1.0	1.0	1.0	1.0	0.0	0.0	4.0
05:25	1.0	1.0	0.0	1.0	1.0	1.0	1.0	0.0	0.0	4.0
05:30	1.0	1.0	0.0	1.0	1.0	1.0	1.0	0.0	0.0	4.0
05:35	1.0	1.0	0.0	1.0	1.0	1.0	1.0	0.0	0.0	4.0
05:40	1.0	1.0	0.0	1.0	1.0	1.0	1.0	0.0	0.0	4.0
05:45	1.0	1.0	0.0	1.0	1.0	1.0	1.0	0.0	0.0	4.0
05:50	1.0	1.0	0.0	1.0	1.0	1.0	1.0	0.0	0.0	4.0
05:55	1.0	1.0	0.0	1.0	1.0	1.0	1.0	0.0	0.0	4.0
06:00	1.0	1.0	0.0	1.0	1.0	1.0	1.0	0.0	0.0	4.0
06:05	1.0	1.0	0.0	1.0	1.0	1.0	1.0	0.0	0.0	4.0
06:10	1.0	1.0	0.0	1.0	1.0	1.0	1.0	0.0	0.0	4.0
06:15	1.0	1.0	0.0	1.0	1.0	1.0	1.0	0.0	0.0	4.0
06:20	1.0	1.0	0.0	1.0	1.0	1.0	1.0	0.0	0.0	4.0
06:25	1.0	1.0	0.0	1.0	1.0	1.0	1.0	0.0	0.0	4.0
06:30	1.0	1.0	0.0	1.0	1.0	1.0	1.0	0.0	0.0	4.0
06:35	1.0	1.0	0.0	1.0	1.0	1.0	1.0	0.0	0.0	4.0
06:40	1.0	1.0	0.0	1.0	1.0	1.0	1.0	0.0	0.0	4.0
06:45	1.0	1.0	0.0	1.0	1.0	1.0	1.0	0.0	0.0	4.0
06:50	1.0	1.0	0.0	1.0	1.0	1.0	1.0	0.0	0.0	4.0
06:55	1.0	1.0	0.0	1.0	1.0	1.0	1.0	0.0	0.0	4.0
07:00	1.0	1.0	0.0	1.0	1.0	1.0	1.0	0.0	0.0	4.0
07:05	1.0	1.0	0.0	1.0	1.0	1.0	1.0	0.0	0.0	4.0
07:10	1.0	1.0	0.0	1.0	1.0	1.0	1.0	0.0	0.0	4.0
07:15	1.0	1.0	0.0	1.0	1.0	1.0	1.0	0.0	0.0	4.0
07:20	1.0	1.0	0.0	1.0	1.0	1.0	1.0	0.0	0.0	4.0
07:25	1.0	1.0	0.0	1.0	1.0	1.0	1.0	0.0	0.0	4.0
07:30	1.0	1.0	0.0	1.0	1.0	1.0	1.0	0.0	0.0	4.0
07:35	1.0	1.0	0.0	1.0	1.0	1.0	1.0	0.0	0.0	4.0
07:40	1.0	1.0	0.0	1.0	1.0	1.0	1.0	0.0	0.0	4.0
07:45	1.0	1.0	0.0	1.0	1.0	1.0	1.0	0.0	0.0	4.0
07:50	1.0	1.0	0.0	1.0	1.0	1.0	1.0	0.0	0.0	4.0
07:55	1.0	1.0	0.0	1.0	1.0	1.0	1.0	0.0	0.0	4.0
08:00	1.0	1.0	0.0	1.0	1.0	1.0	1.0	0.0	0.0	4.0
08:05	1.0	1.0	0.0	1.0	1.0	1.0	1.0	0.0	0.0	4.0
08:10	1.0	1.0	0.0	1.0	1.0	1.0	1.0	0.0	0.0	4.0
08:15	1.0	1.0	0.0	1.0	1.0	1.0	1.0	0.0	0.0	4.0
08:20	1.0	1.0	0.0	1.0	1.0	1.0	1.0	0.0	0.0	4.0
08:25	1.0	1.0	0.0	1.0	1.0	1.0	1.0	0.0	0.0	4.0
08:30	1.0	1.0	0.0	1.0	1.0	1.0	1.0	0.0	0.0	4.0
08:35	1.0	1.0	0.0	1.0	1.0	1.0	1.0	0.0	0.0	4.0
08:40	1.0	1.0	0.0	1.0	1.0	1.0	1.0	0.0	0.0	4.0
08:45	1.0	1.0	0.0	1.0	1.0	1.0	1.0	0.0	0.0	4.0
08:50	1.0	1.0	0.0	1.0	1.0	1.0	1.0	0.0	0.0	4.0
08:55	1.0	1.0	0.0	1.0	1.0	1.0	1.0	0.0	0.0	4.0
09:00	1.0	1.0	0.0	1.0	1.0	1.0	1.0	0.0	0.0	4.0
09:05	2.0	1.0	0.0	1.0	0.0	0.0	1.0	1.0	3.0	1.0
09:10	2.0	1.0	1.0	0.0	0.0	0.0	2.0	2.0	1.0	1.0
09:15	0.0	2.0	1.0	1.0	0.0	0.0	1.0	1.0	2.0	2.0
09:20	0.0	0.0	2.0	1.0	1.0	0.0	1.0	0.0	1.0	4.0
09:25	0.0	0.0	0.0	2.0	2.0	0.0	1.0	0.0	0.0	5.0
09:30	0.0	0.0	0.0	0.0	3.0	1.0	1.0	0.0	0.0	5.0
09:35	0.0	0.0	0.0	0.0	1.0	2.0	2.0	0.0	0.0	5.0
09:40	0.0	0.0	0.0	0.0	0.0	2.0	2.0	1.0	0.0	5.0
09:45	0.0	0.0	0.0	0.0	0.0	0.0	3.0	1.0	1.0	5.0
09:50	0.0	0.0	0.0	0.0	0.0	0.0	1.0	2.0	1.0	6.0
09:55	0.0	0.0	0.0	0.0	0.0	0.0	1.0	0.0	2.0	7.0
10:00	0.0	0.0	0.0	0.0	0.0	0.0	1.0	0.0	0.0	9.0
10:05	0.0	0.0	0.0	0.0	0.0	0.0	1.0	0.0	0.0	9.0
10:10	0.0	0.0	0.0	0.0	0.0	0.0	1.0	0.0	0.0	9.0
10:15	0.0	0.0	0.0	0.0	0.0	0.0	1.0	0.0	0.0	9.0
10:20	0.0	0.0	0.0	0.0	0.0	0.0	1.0	0.0	0.0	9.0
10:25	0.0	0.0	0.0	0.0	0.0	0.0	1.0	0.0	0.0	9.0
10:30	0.0	0.0	0.0	0.0	0.0	0.0	1.0	0.0	0.0	9.0
10:35	0.0	0.0	0.0	0.0	0.0	0.0	1.0	0.0	0.0	9.0
10:40	0.0	0.0	0.0	0.0	0.0	0.0	1.0	0.0	0.0	9.0
10:45	0.0	0.0	0.0	0.0	0.0	0.0	1.0	0.0	0.0	9.0
10:50	0.0	0.0	0.0	0.0	0.0	0.0	1.0	0.0	0.0	9.0
10:55	0.0	0.0	0.0	0.0	0.0	0.0	1.0	0.0	0.0	9.0
11:00	0.0	0.0	0.0	0.0	0.0	0.0	1.0	0.0	0.0	9.0
11:05	0.0	0.0	0.0	0.0	0.0	0.0	1.0	0.0	0.0	9.0
11:10	0.0	0.0	0.0	0.0	0.0	0.0	1.0	0.0	0.0	9.0
11:15	0.0	0.0	0.0	0.0	0.0	0.0	1.0	0.0	0.0	9.0
11:20	0.0	0.0	0.0	0.0	0.0	0.0	1.0	0.0	0.0	9.0
11:25	0.0	0.0	0.0	0.0	0.0	0.0	1.0	0.0	0.0	9.0
11:30	0.0	0.0	0.0	0.0	0.0	0.0	1.0	0.0	0.0	9.0
11:35	0.0	0.0	0.0	0.0	0.0	0.0	1.0	0.0	0.0	9.0
11:40	0.0	0.0	0.0	0.0	0.0	0.0	1.0	0.0	0.0	9.0
11:45	0.0	0.0	0.0	0.0	0.0	0.0	1.0	0.0	0.0	9.0
11:50	0.0	0.0	0.0	0.0	0.0	0.0	1.0	0.0	0.0	9.0
11:55	0.0	0.0	0.0	0.0	0.0	0.0	1.0	0.0	0.0	9.0
12:00	0.0	0.0	0.0	0.0	0.0	0.0	1.0	0.0	0.0	9.0
12:05	0.0	0.0	0.0	0.0	0.0	0.0	1.0	0.0	0.0	9.0
12:10	0.0	0.0	0.0	0.0	0.0	0.0	1.0	0.0	0.0	9.0
12:15	0.0	0.0	0.0	0.0	0.0	0.0	1.0	0.0	0.0	9.0
12:20	0.0	0.0	0.0	0.0	0.0	0.0	1.0	0.0	0.0	9.0
12:25	0.0	0.0	0.0	0.0	0.0	0.0	1.0	0.0	0.0	9.0
12:30	0.0	0.0	0.0	0.0	0.0	0.0	1.0	0.0	0.0	9.0
12:35	0.0	0.0	0.0	0.0	0.0	0.0	1.0	0.0	0.0	9.0
12:40	0.0	0.0	0.0	0.0	0.0	0.0	1.0	0.0	0.0	9.0
12:45	0.0	0.0	0.0	0.0	0.0	0.0	1.0	0.0	0.0	9.0
12:50	0.0	0.0	0.0	0.0	0.0	0.0	1.0	0.0	0.0	9.0
12:55	0.0	0.0	0.0	0.0	0.0	0.0	1.0	0.0	0.0	9.0
13:00	0.0	0.0	0.0	0.0	0.0	0.0	1.0	0.0	0.0	9.0
13:05	0.0	0.0	0.0	0.0	0.0	0.0	1.0	0.0	0.0	9.0
13:10	0.0	0.0	0.0	0.0	0.0	0.0	1.0	0.0	0.0	9.0
13:15	0.0	0.0	0.0	0.0	0.0	0.0	1.0	0.0	0.0	9.0
13:20	0.0	0.0	0.0	0.0	0.0	0.0	1.0	0.0	0.0	9.0
13:25	0.0	0.0	0.0	0.0	0.0	0.0	1.0	0.0	0.0	9.0
13:30	0.0	0.0	0.0	0.0	0.0	0.0	1.0	0.0	0.0	9.0
13:35	0.0	0.0	0.0	0.0	0.0	0.0	1.0	0.0	2.0	7.0
13:40	0.0	0.0	0.0	0.0	0.0	0.0	2.0	0.0	1.0	7.0
13:45	0.0	0.0	0.0	0.0	0.0	0.0	2.0	0.0	1.0	7.0
13:50	0.0	0.0	0.0	0.0	0.0	0.0	1.0	2.0	0.0	7.0
13:55	0.0	0.0	0.0	0.0	0.0	0.0	1.0	0.0	2.0	7.0
14:00	0.0	0.0	0.0	0.0	0.0	0.0	1.0	0.0	1.0	8.0
14:05	0.0	0.0	0.0	0.0	0.0	0.0	1.0	0.0	0.0	9.0
14:10	0.0	0.0	0.0	0.0	0.0	0.0	1.0	0.0	0.0	9.0
14:15	0.0	0.0	0.0	0.0	0.0	0.0	1.0	0.0	0.0	9.0
14:20	0.0	0.0	0.0	0.0	0.0	0.0	1.0	0.0	0.0	9.0
14:25	0.0	0.0	0.0	0.0	0.0	0.0	1.0	0.0	0.0	9.0
14:30	0.0	0.0	0.0	0.0	0.0	0.0	1.0	0.0	0.0	9.0
14:35	0.0	0.0	0.0	0.0	0.0	0.0	1.0	0.0	0.0	9.0
14:40	0.0	0.0	0.0	0.0	0.0	0.0	1.0	0.0	0.0	9.0
14:45	0.0	0.0	0.0	0.0	0.0	0.0	1.0	0.0	0.0	9.0
14:50	0.0	0.0	0.0	0.0	0.0	0.0	1.0	0.0	0.0	9.0
14:55	0.0	0.0	0.0	0.0	0.0	0.0	1.0	0.0	0.0	9.0
15:00	0.0	0.0	0.0	0.0	0.0	0.0	1.0	0.0	0.0	9.0
15:05	0.0	0.0	0.0	0.0	0.0	0.0	1.0	0.0	0.0	9.0
15:10	0.0	0.0	0.0	0.0	0.0	0.0	1.0	0.0	0.0	9.0
15:15	0.0	0.0	0.0	0.0	0.0	0.0	1.0	0.0	0.0	9.0
15:20	0.0	0.0	0.0	0.0	0.0	0.0	1.0	1.0	0.0	8.0
15:25	0.0	0.0	0.0	0.0	0.0	0.0	2.0	0.0	1.0	7.0
15:30	0.0	0.0	0.0	0.0	0.0	0.0	1.0	1.0	1.0	7.0
15:35	0.0	0.0	0.0	0.0	0.0	0.0	1.0	1.0	0.0	8.0
15:40	0.0	0.0	0.0	0.0	0.0	0.0	1.0	0.0	1.0	8.0
15:45	0.0	0.0	0.0	0.0	0.0	0.0	1.0	0.0	0.0	9.0
15:50	0.0	0.0	0.0	0.0	0.0	0.0	1.0	0.0	0.0	9.0
15:55	0.0	0.0	0.0	0.0	0.0	0.0	1.0	0.0	0.0	9.0
16:00	0.0	0.0	0.0	0.0	0.0	0.0	1.0	0.0	0.0	9.0
16:05	0.0	0.0	0.0	0.0	0.0	0.0	1.0	0.0	0.0	9.0
16:10	0.0	0.0	0.0	0.0	0.0	0.0	1.0	0.0	0.0	9.0
16:15	0.0	0.0	0.0	0.0	0.0	0.0	1.0	0.0	0.0	9.0
16:20	0.0	0.0	0.0	0.0	0.0	0.0	1.0	0.0	0.0	9.0
16:25	0.0	0.0	0.0	0.0	0.0	0.0	1.0	0.0	0.0	9.0
16:30	0.0	0.0	0.0	0.0	0.0	0.0	1.0	0.0	0.0	9.0
16:35	0.0	0.0	0.0	0.0	0.0	0.0	1.0	0.0	0.0	9.0
16:40	0.0	0.0	0.0	0.0	0.0	0.0	1.0	0.0	0.0	9.0
16:45	0.0	0.0	0.0	0.0	0.0	0.0	1.0	0.0	0.0	9.0
16:50	0.0	0.0	0.0	0.0	0.0	0.0	1.0	0.0	0.0	9.0
16:55	0.0	0.0	0.0	0.0	0.0	0.0	1.0	0.0	0.0	9.0
17:00	0.0	0.0	0.0	0.0	0.0	0.0	1.0	1.0	1.0	7.0
17:05	0.0	0.0	0.0	0.0	0.0	0.0	2.0	0.0	1.0	7.0
17:10	0.0	0.0	0.0	0.0	0.0	0.0	2.0	0.0	0.0	8.0
17:15	0.0	0.0	0.0	0.0	0.0	0.0	1.0	1.0	0.0	8.0
17:20	0.0	0.0	0.0	0.0	0.0	0.0	1.0	0.0	1.0	8.0
17:25	0.0	0.0	0.0	0.0	0.0	0.0	1.0	0.0	0.0	9.0
17:30	0.0	0.0	0.0	0.0	0.0	0.0	1.0	0.0	0.0	9.0
17:35	0.0	0.0	0.0	0.0	0.0	0.0	1.0	0.0	0.0	9.0
17:40	0.0	0.0	0.0	0.0	0.0	0.0	1.0	0.0	0.0	9.0
17:45	0.0	0.0	0.0	0.0	0.0	0.0	1.0	0.0	0.0	9.0
17:50	0.0	0.0	0.0	0.0	0.0	0.0	1.0	0.0	0.0	9.0
17:55	0.0	0.0	0.0	0.0	0.0	0.0	1.0	0.0	0.0	9.0
18:00	0.0	0.0	0.0	0.0	0.0	0.0	1.0	0.0	0.0	9.0
18:05	0.0	0.0	0.0	1.0	0.0	0.0	0.0	2.0	1.0	6.0
18:10	0.0	0.0	0.0	1.0	0.0	0.0	0.0	1.0	2.0	6.0
18:15	0.0	0.0	0.0	1.0	0.0	0.0	0.0	1.0	1.0	7.0
18:20	0.0	0.0	0.0	1.0	0.0	0.0	0.0	1.0	0.0	8.0
18:25	0.0	0.0	0.0	1.0	0.0	0.0	0.0	1.0	0.0	8.0
18:30	0.0	0.0	0.0	1.0	0.0	0.0	0.0	1.0	0.0	8.0
18:35	0.0	0.0	0.0	1.0	0.0	0.0	0.0	1.0	0.0	8.0
18:40	0.0	0.0	0.0	1.0	0.0	0.0	0.0	1.0	1.0	7.0
18:45	0.0	0.0	0.0	1.0	0.0	1.0	0.0	1.0	0.0	7.0
18:50	0.0	0.0	0.0	1.0	0.0	1.0	0.0	1.0	0.0	7.0
18:55	0.0	0.0	0.0	1.0	0.0	1.0	0.0	1.0	0.0	7.0
19:00	0.0	0.0	0.0	1.0	0.0	0.0	1.0	1.0	0.0	7.0
19:05	0.0	0.0	0.0	1.0	0.0	0.0	0.0	2.0	0.0	7.0
19:10	0.0	0.0	0.0	1.0	0.0	0.0	0.0	1.0	1.0	7.0
19:15	0.0	0.0	0.0	1.0	0.0	0.0	0.0	1.0	0.0	8.0
19:20	0.0	0.0	0.0	1.0	0.0	0.0	0.0	1.0	0.0	8.0
19:25	0.0	0.0	0.0	1.0	0.0	0.0	0.0	1.0	0.0	8.0
19:30	0.0	0.0	0.0	1.0	0.0	0.0	0.0	1.0	0.0	8.0
19:35	0.0	0.0	0.0	1.0	0.0	0.0	0.0	1.0	0.0	8.0
19:40	0.0	0.0	0.0	1.0	0.0	0.0	0.0	1.0	0.0	8.0
19:45	0.0	0.0	0.0	1.0	0.0	0.0	0.0	1.0	1.0	7.0
19:50	0.0	0.0	0.0	1.0	0.0	0.0	0.0	2.0	0.0	7.0
19:55	0.0	0.0	0.0	1.0	0.0	0.0	0.0	1.0	1.0	7.0
20:00	0.0	0.0	0.0	1.0	0.0	0.0	0.0	1.0	0.0	8.0
20:05	0.0	0.0	0.0	1.0	0.0	0.0	0.0	1.0	0.0	8.0
20:10	0.0	0.0	0.0	1.0	0.0	0.0	0.0	1.0	0.0	8.0
20:15	0.0	0.0	0.0	1.0	0.0	0.0	0.0	1.0	0.0	8.0
20:20	0.0	0.0	0.0	1.0	0.0	0.0	0.0	1.0	0.0	8.0
20:25	0.0	0.0	0.0	1.0	0.0	0.0	0.0	2.0	0.0	7.0
20:30	0.0	0.0	0.0	1.0	0.0	1.0	0.0	1.0	0.0	7.0
20:35	0.0	0.0	0.0	1.0	0.0	0.0	1.0	1.0	0.0	7.0
20:40	0.0	0.0	0.0	1.0	0.0	0.0	0.0	2.0	0.0	7.0
20:45	0.0	0.0	0.0	1.0	0.0	0.0	0.0	2.0	0.0	7.0
20:50	0.0	0.0	0.0	1.0	0.0	0.0	0.0	1.0	1.0	7.0
20:55	0.0	0.0	0.0	1.0	0.0	0.0	0.0	1.0	0.0	8.0
21:00	0.0	0.0	0.0	1.0	0.0	0.0	0.0	1.0	0.0	8.0
21:05	0.0	0.0	0.0	1.0	0.0	0.0	0.0	1.0	0.0	8.0
21:10	0.0	0.0	0.0	1.0	0.0	0.0	0.0	1.0	0.0	8.0
21:15	0.0	0.0	0.0	1.0	0.0	0.0	0.0	1.0	1.0	7.0
21:20	0.0	0.0	0.0	1.0	0.0	0.0	0.0	1.0	1.0	7.0
21:25	0.0	0.0	0.0	1.0	0.0	0.0	0.0	1.0	1.0	7.0
21:30	0.0	0.0	0.0	1.0	0.0	0.0	0.0	1.0	0.0	8.0
21:35	0.0	0.0	0.0	1.0	0.0	0.0	0.0	1.0	0.0	8.0
21:40	0.0	0.0	0.0	1.0	0.0	0.0	0.0	1.0	0.0	8.0
21:45	0.0	0.0	0.0	1.0	0.0	0.0	0.0	1.0	0.0	8.0
21:50	0.0	0.0	0.0	1.0	0.0	0.0	0.0	1.0	0.0	8.0
21:55	0.0	0.0	0.0	1.0	0.0	0.0	0.0	1.0	0.0	8.0
22:00	0.0	0.0	0.0	1.0	0.0	0.0	0.0	1.0	0.0	8.0
22:05	0.0	0.0	0.0	1.0	0.0	0.0	0.0	1.0	1.0	7.0
22:10	0.0	0.0	0.0	1.0	0.0	0.0	1.0	1.0	0.0	7.0
22:15	0.0	0.0	0.0	1.0	0.0	0.0	1.0	1.0	0.0	7.0
22:20	0.0	0.0	0.0	1.0	0.0	0.0	0.0	2.0	0.0	7.0
22:25	0.0	0.0	0.0	1.0	0.0	0.0	0.0	1.0	1.0	7.0
22:30	0.0	0.0	0.0	1.0	0.0	0.0	0.0	1.0	1.0	7.0
22:35	0.0	0.0	0.0	1.0	0.0	0.0	0.0	1.0	0.0	8.0
22:40	0.0	0.0	0.0	1.0	0.0	0.0	0.0	1.0	0.0	8.0
22:45	0.0	0.0	0.0	1.0	0.0	0.0	0.0	1.0	0.0	8.0
22:50	0.0	0.0	0.0	1.0	0.0	0.0	0.0	1.0	0.0	8.0
22:55	0.0	0.0	0.0	1.0	0.0	0.0	0.0	1.0	0.0	8.0
23:00	0.0	0.0	0.0	1.0	0.0	0.0	0.0	1.0	0.0	8.0
23:05	0.0	0.0	0.0	1.0	0.0	0.0	0.0	1.0	0.0	8.0
23:10	0.0	0.0	0.0	1.0	0.0	0.0	0.0	1.0	1.0	7.0
23:15	0.0	0.0	0.0	1.0	0.0	0.0	0.0	1.0	0.0	8.0
23:20	0.0	0.0	0.0	1.0	0.0	0.0	0.0	1.0	0.0	8.0
23:25	0.0	0.0	0.0	1.0	0.0	0.0	0.0	1.0	0.0	8.0
23:30	0.0	0.0	0.0	1.0	0.0	0.0	0.0	1.0	0.0	8.0
23:35	0.0	0.0	0.0	1.0	0.0	0.0	0.0	1.0	0.0	8.0
23:40	0.0	0.0	0.0	1.0	0.0	0.0	0.0	1.0	0.0	8.0
23:45	0.0	0.0	0.0	1.0	0.0	0.0	0.0	1.0	0.0	8.0
23:50	0.0	0.0	0.0	1.0	0.0	0.0	0.0	1.0	0.0	8.0
23:55	0.0	0.0	0.0	1.0	0.0	0.0	0.0	1.0	0.0	8.0
24:00	0.0	0.0	0.0	1.0	0.0	0.0	0.0	1.0	0.0	8.0
