time	1	2	3	4	5	6	7	8	9	10
00:00	4.781550454692852	2.6582305796823293	5.0	5.0	2.413157356791083	3.848126822083526	2.202419946731969	2.5502106250426824	2.654154729463104	3.112003513568837
00:05	4.781550454692852	2.6582305796823293	5.0	5.0	2.413157356791083	3.848126822083526	2.202419946731969	2.5502106250426824	2.654154729463104	3.112003513568837
00:10	4.781550454692852	2.6582305796823293	5.0	5.0	2.413157356791083	3.848126822083526	2.202419946731969	2.5502106250426824	2.654154729463104	3.112003513568837
00:15	4.781550454692852	2.6582305796823293	5.0	5.0	2.413157356791083	3.848126822083526	2.202419946731969	2.5502106250426824	2.654154729463104	3.112003513568837
00:20	4.781550454692852	2.6582305796823293	5.0	5.0	2.413157356791083	3.848126822083526	2.202419946731969	2.5502106250426824	2.654154729463104	3.112003513568837
00:25	4.781550454692852	2.6582305796823293	5.0	5.0	2.413157356791083	3.848126822083526	2.202419946731969	2.5502106250426824	2.654154729463104	3.112003513568837
00:30	4.781550454692852	2.6582305796823293	5.0	5.0	2.413157356791083	3.848126822083526	2.202419946731969	2.5502106250426824	2.654154729463104	3.112003513568837
00:35	4.781550454692852	2.6582305796823293	5.0	5.0	2.413157356791083	3.848126822083526	2.202419946731969	2.5502106250426824	2.654154729463104	3.112003513568837
00:40	4.781550454692852	2.6582305796823293	5.0	5.0	2.413157356791083	3.848126822083526	2.202419946731969	2.5502106250426824	2.654154729463104	3.112003513568837
00:45	4.781550454692852	2.6582305796823293	5.0	5.0	2.413157356791083	3.848126822083526	2.202419946731969	2.5502106250426824	2.654154729463104	3.112003513568837
00:50	4.781550454692852	2.6582305796823293	5.0	5.0	2.413157356791083	3.848126822083526	2.202419946731969	2.5502106250426824	2.654154729463104	3.112003513568837
00:55	4.781550454692852	2.6582305796823293	5.0	5.0	2.413157356791083	3.848126822083526	2.202419946731969	2.5502106250426824	2.654154729463104	3.112003513568837
01:00	4.781550454692852	2.6582305796823293	5.0	5.0	2.413157356791083	3.848126822083526	2.202419946731969	2.5502106250426824	2.654154729463104	3.112003513568837
01:05	4.781550454692852	2.6582305796823293	5.0	5.0	2.413157356791083	3.848126822083526	2.202419946731969	2.5502106250426824	2.654154729463104	3.112003513568837
01:10	4.781550454692852	2.6582305796823293	5.0	5.0	2.413157356791083	3.848126822083526	2.202419946731969	2.5502106250426824	2.654154729463104	3.112003513568837
01:15	4.781550454692852	2.6582305796823293	5.0	5.0	2.413157356791083	3.848126822083526	2.202419946731969	2.5502106250426824	2.654154729463104	3.112003513568837
01:20	4.781550454692852	2.6582305796823293	5.0	5.0	2.413157356791083	3.848126822083526	2.202419946731969	2.5502106250426824	2.654154729463104	3.112003513568837
01:25	4.781550454692852	2.6582305796823293	5.0	5.0	2.413157356791083	3.848126822083526	2.202419946731969	2.5502106250426824	2.654154729463104	3.112003513568837
01:30	4.781550454692852	2.6582305796823293	5.0	5.0	2.413157356791083	3.848126822083526	2.202419946731969	2.5502106250426824	2.654154729463104	3.112003513568837
01:35	4.781550454692852	2.6582305796823293	5.0	5.0	2.413157356791083	3.848126822083526	2.202419946731969	2.5502106250426824	2.654154729463104	3.112003513568837
01:40	4.781550454692852	2.6582305796823293	5.0	5.0	2.413157356791083	3.848126822083526	2.202419946731969	2.5502106250426824	2.654154729463104	3.112003513568837
01:45	4.781550454692852	2.6582305796823293	5.0	5.0	2.413157356791083	3.848126822083526	2.202419946731969	2.5502106250426824	2.654154729463104	3.112003513568837
01:50	4.781550454692852	2.6582305796823293	5.0	5.0	2.413157356791083	3.848126822083526	2.202419946731969	2.5502106250426824	2.654154729463104	3.112003513568837
01:55	4.781550454692852	2.6582305796823293	5.0	5.0	2.413157356791083	3.848126822083526	2.202419946731969	2.5502106250426824	2.654154729463104	3.112003513568837
02:00	4.781550454692852	2.6582305796823293	5.0	5.0	2.413157356791083	3.848126822083526	2.202419946731969	2.5502106250426824	2.654154729463104	3.112003513568837
02:05	4.781550454692852	2.6582305796823293	5.0	5.0	2.413157356791083	3.848126822083526	2.202419946731969	2.5502106250426824	2.654154729463104	3.112003513568837
02:10	4.781550454692852	2.6582305796823293	5.0	5.0	2.413157356791083	3.848126822083526	2.202419946731969	2.5502106250426824	2.654154729463104	3.112003513568837
02:15	4.781550454692852	2.6582305796823293	5.0	5.0	2.413157356791083	3.848126822083526	2.202419946731969	2.5502106250426824	2.654154729463104	3.112003513568837
02:20	4.781550454692852	2.6582305796823293	5.0	5.0	2.413157356791083	3.848126822083526	2.202419946731969	2.5502106250426824	2.654154729463104	3.112003513568837
02:25	4.781550454692852	2.6582305796823293	5.0	5.0	2.413157356791083	3.848126822083526	2.202419946731969	2.5502106250426824	2.654154729463104	3.112003513568837
02:30	4.781550454692852	2.6582305796823293	5.0	5.0	2.413157356791083	3.848126822083526	2.202419946731969	2.5502106250426824	2.654154729463104	3.112003513568837
02:35	4.781550454692852	2.6582305796823293	5.0	5.0	2.413157356791083	3.848126822083526	2.202419946731969	2.5502106250426824	2.654154729463104	3.112003513568837
02:40	4.781550454692852	2.6582305796823293	5.0	5.0	2.413157356791083	3.848126822083526	2.202419946731969	2.5502106250426824	2.654154729463104	3.112003513568837
02:45	4.781550454692852	2.6582305796823293	5.0	5.0	2.413157356791083	3.848126822083526	2.202419946731969	2.5502106250426824	2.654154729463104	3.112003513568837
02:50	4.781550454692852	2.6582305796823293	5.0	5.0	2.413157356791083	3.848126822083526	2.202419946731969	2.5502106250426824	2.654154729463104	3.112003513568837
02:55	4.781550454692852	2.6582305796823293	5.0	5.0	2.413157356791083	3.848126822083526	2.202419946731969	2.5502106250426824	2.654154729463104	3.112003513568837
03:00	4.781550454692852	2.6582305796823293	5.0	5.0	2.413157356791083	3.848126822083526	2.202419946731969	2.5502106250426824	2.654154729463104	3.112003513568837
03:05	4.781550454692852	2.6582305796823293	5.0	5.0	2.413157356791083	3.848126822083526	2.202419946731969	2.5502106250426824	2.654154729463104	3.112003513568837
03:10	4.781550454692852	2.6582305796823293	5.0	5.0	2.413157356791083	3.848126822083526	2.202419946731969	2.5502106250426824	2.654154729463104	3.112003513568837
03:15	4.781550454692852	2.6582305796823293	5.0	5.0	2.413157356791083	3.848126822083526	2.202419946731969	2.5502106250426824	2.654154729463104	3.112003513568837
03:20	4.781550454692852	2.6582305796823293	5.0	5.0	2.413157356791083	3.848126822083526	2.202419946731969	2.5502106250426824	2.654154729463104	3.112003513568837
03:25	4.781550454692852	2.6582305796823293	5.0	5.0	2.413157356791083	3.848126822083526	2.202419946731969	2.5502106250426824	2.654154729463104	3.112003513568837
03:30	4.781550454692852	2.6582305796823293	5.0	5.0	2.413157356791083	3.848126822083526	2.202419946731969	2.5502106250426824	2.654154729463104	3.112003513568837
03:35	4.781550454692852	2.6582305796823293	5.0	5.0	2.413157356791083	3.848126822083526	2.202419946731969	2.5502106250426824	2.654154729463104	3.112003513568837
03:40	4.781550454692852	2.6582305796823293	5.0	5.0	2.413157356791083	3.848126822083526	2.202419946731969	2.5502106250426824	2.654154729463104	3.112003513568837
03:45	4.781550454692852	2.6582305796823293	5.0	5.0	2.413157356791083	3.848126822083526	2.202419946731969	2.5502106250426824	2.654154729463104	3.112003513568837
03:50	4.781550454692852	2.6582305796823293	5.0	5.0	2.413157356791083	3.848126822083526	2.202419946731969	2.5502106250426824	2.654154729463104	3.112003513568837
03:55	4.781550454692852	2.6582305796823293	5.0	5.0	2.413157356791083	3.848126822083526	2.202419946731969	2.5502106250426824	2.654154729463104	3.112003513568837
04:00	4.781550454692852	2.6582305796823293	5.0	5.0	2.413157356791083	3.848126822083526	2.202419946731969	2.5502106250426824	2.654154729463104	3.112003513568837
04:05	4.781550454692852	2.6582305796823293	5.0	5.0	2.413157356791083	3.848126822083526	2.202419946731969	2.5502106250426824	2.654154729463104	3.112003513568837
04:10	4.781550454692852	2.6582305796823293	5.0	5.0	2.413157356791083	3.848126822083526	2.202419946731969	2.5502106250426824	2.654154729463104	3.112003513568837
04:15	4.781550454692852	2.6582305796823293	5.0	5.0	2.413157356791083	3.848126822083526	2.202419946731969	2.5502106250426824	2.654154729463104	3.112003513568837
04:20	4.781550454692852	2.6582305796823293	5.0	5.0	2.413157356791083	3.848126822083526	2.202419946731969	2.5502106250426824	2.654154729463104	3.112003513568837
04:25	4.781550454692852	2.6582305796823293	5.0	5.0	2.413157356791083	3.848126822083526	2.202419946731969	2.5502106250426824	2.654154729463104	3.112003513568837
04:30	4.781550454692852	2.6582305796823293	5.0	5.0	2.413157356791083	3.848126822083526	2.202419946731969	2.5502106250426824	2.654154729463104	3.112003513568837
04:35	4.781550454692852	2.6582305796823293	5.0	5.0	2.413157356791083	3.848126822083526	2.202419946731969	2.5502106250426824	2.654154729463104	3.112003513568837
04:40	4.781550454692852	2.6582305796823293	5.0	5.0	2.413157356791083	3.848126822083526	2.202419946731969	2.5502106250426824	2.654154729463104	3.112003513568837
04:45	4.781550454692852	2.6582305796823293	5.0	5.0	2.413157356791083	3.848126822083526	2.202419946731969	2.5502106250426824	2.654154729463104	3.112003513568837
04:50	4.781550454692852	2.6582305796823293	5.0	5.0	2.413157356791083	3.848126822083526	2.202419946731969	2.5502106250426824	2.654154729463104	3.112003513568837
04:55	4.781550454692852	2.6582305796823293	5.0	5.0	2.413157356791083	3.848126822083526	2.202419946731969	2.5502106250426824	2.654154729463104	3.112003513568837
05:00	4.781550454692852	2.6582305796823293	5.0	5.0	2.413157356791083	3.848126822083526	2.202419946731969	2.5502106250426824	2.654154729463104	3.112003513568837
05:05	4.781550454692852	2.6582305796823293	5.0	5.0	2.413157356791083	3.848126822083526	2.202419946731969	2.5502106250426824	2.654154729463104	3.112003513568837
05:10	4.781550454692852	2.6582305796823293	5.0	5.0	2.413157356791083	3.848126822083526	2.202419946731969	2.5502106250426824	2.654154729463104	3.112003513568837
05:15	4.781550454692852	2.6582305796823293	5.0	5.0	2.413157356791083	3.848126822083526	2.202419946731969	2.5502106250426824	2.654154729463104	3.112003513568837
05:20	4.781550454692852	2.6582305796823293	5.0	5.0	2.413157356791083	3.848126822083526	2.202419946731969	2.5502106250426824	2.654154729463104	3.112003513568837
05:25	4.781550454692852	2.6582305796823293	5.0	5.0	2.413157356791083	3.848126822083526	2.202419946731969	2.5502106250426824	2.654154729463104	3.112003513568837
05:30	4.781550454692852	2.6582305796823293	5.0	5.0	2.413157356791083	3.848126822083526	2.202419946731969	2.5502106250426824	2.654154729463104	3.112003513568837
05:35	4.781550454692852	2.6582305796823293	5.0	5.0	2.413157356791083	3.848126822083526	2.202419946731969	2.5502106250426824	2.654154729463104	3.112003513568837
05:40	4.781550454692852	2.6582305796823293	5.0	5.0	2.413157356791083	3.848126822083526	2.202419946731969	2.5502106250426824	2.654154729463104	3.112003513568837
05:45	4.781550454692852	2.6582305796823293	5.0	5.0	2.413157356791083	3.848126822083526	2.202419946731969	2.5502106250426824	2.654154729463104	3.112003513568837
05:50	4.781550454692852	2.6582305796823293	5.0	5.0	2.413157356791083	3.848126822083526	2.202419946731969	2.5502106250426824	2.654154729463104	3.112003513568837
05:55	4.781550454692852	2.6582305796823293	5.0	5.0	2.413157356791083	3.848126822083526	2.202419946731969	2.5502106250426824	2.654154729463104	3.112003513568837
06:00	4.781550454692852	2.6582305796823293	5.0	5.0	2.413157356791083	3.848126822083526	2.202419946731969	2.5502106250426824	2.654154729463104	3.112003513568837
06:05	4.781550454692852	2.6582305796823293	5.0	5.0	2.413157356791083	3.848126822083526	2.202419946731969	2.5502106250426824	2.654154729463104	3.112003513568837
06:10	4.781550454692852	2.6582305796823293	5.0	5.0	2.413157356791083	3.848126822083526	2.202419946731969	2.5502106250426824	2.654154729463104	3.112003513568837
06:15	4.781550454692852	2.6582305796823293	5.0	5.0	2.413157356791083	3.848126822083526	2.202419946731969	2.5502106250426824	2.654154729463104	3.112003513568837
06:20	4.781550454692852	2.6582305796823293	5.0	5.0	2.413157356791083	3.848126822083526	2.202419946731969	2.5502106250426824	2.654154729463104	3.112003513568837
06:25	4.781550454692852	2.6582305796823293	5.0	5.0	2.413157356791083	3.848126822083526	2.202419946731969	2.5502106250426824	2.654154729463104	3.112003513568837
06:30	4.781550454692852	2.6582305796823293	5.0	5.0	2.413157356791083	3.848126822083526	2.202419946731969	2.5502106250426824	2.654154729463104	3.112003513568837
06:35	4.781550454692852	2.6582305796823293	5.0	5.0	2.413157356791083	3.848126822083526	2.202419946731969	2.5502106250426824	2.654154729463104	3.112003513568837
06:40	4.781550454692852	2.6582305796823293	5.0	5.0	2.413157356791083	3.848126822083526	2.202419946731969	2.5502106250426824	2.654154729463104	3.112003513568837
06:45	4.781550454692852	2.6582305796823293	5.0	5.0	2.413157356791083	3.848126822083526	2.202419946731969	2.5502106250426824	2.654154729463104	3.112003513568837
06:50	4.781550454692852	2.6582305796823293	5.0	5.0	2.413157356791083	3.848126822083526	2.202419946731969	2.5502106250426824	2.654154729463104	3.112003513568837
06:55	4.781550454692852	2.6582305796823293	5.0	5.0	2.413157356791083	3.848126822083526	2.202419946731969	2.5502106250426824	2.654154729463104	3.112003513568837
07:00	4.781550454692852	2.6582305796823293	5.0	5.0	2.413157356791083	3.848126822083526	2.202419946731969	2.5502106250426824	2.654154729463104	3.112003513568837
07:05	4.781550454692852	2.6582305796823293	5.0	5.0	2.413157356791083	3.848126822083526	2.202419946731969	2.5502106250426824	2.654154729463104	3.112003513568837
07:10	4.781550454692852	2.6582305796823293	5.0	5.0	2.413157356791083	3.848126822083526	2.202419946731969	2.5502106250426824	2.654154729463104	3.112003513568837
07:15	4.781550454692852	2.6582305796823293	5.0	5.0	2.413157356791083	3.848126822083526	2.202419946731969	2.5502106250426824	2.654154729463104	3.112003513568837
07:20	4.781550454692852	2.6582305796823293	5.0	5.0	2.413157356791083	3.848126822083526	2.202419946731969	2.5502106250426824	2.654154729463104	3.112003513568837
07:25	4.781550454692852	2.6582305796823293	5.0	5.0	2.413157356791083	3.848126822083526	2.202419946731969	2.5502106250426824	2.654154729463104	3.112003513568837
07:30	4.781550454692852	2.6582305796823293	5.0	5.0	2.413157356791083	3.848126822083526	2.202419946731969	2.5502106250426824	2.654154729463104	3.112003513568837
07:35	4.781550454692852	2.6582305796823293	5.0	5.0	2.413157356791083	3.848126822083526	2.202419946731969	2.5502106250426824	2.654154729463104	3.112003513568837
07:40	4.781550454692852	2.6582305796823293	5.0	5.0	2.413157356791083	3.848126822083526	2.202419946731969	2.5502106250426824	2.654154729463104	3.112003513568837
07:45	4.781550454692852	2.6582305796823293	5.0	5.0	2.413157356791083	3.848126822083526	2.202419946731969	2.5502106250426824	2.654154729463104	3.112003513568837
07:50	4.781550454692852	2.6582305796823293	5.0	5.0	2.413157356791083	3.848126822083526	2.202419946731969	2.5502106250426824	2.654154729463104	3.112003513568837
07:55	4.781550454692852	2.6582305796823293	5.0	5.0	2.413157356791083	3.848126822083526	2.202419946731969	2.5502106250426824	2.654154729463104	3.112003513568837
08:00	4.781550454692852	2.6582305796823293	5.0	5.0	2.413157356791083	3.848126822083526	2.202419946731969	2.5502106250426824	2.654154729463104	3.112003513568837
08:05	4.781550454692852	2.6582305796823293	5.0	5.0	2.413157356791083	3.848126822083526	2.202419946731969	2.5502106250426824	2.654154729463104	3.112003513568837
08:10	4.781550454692852	2.6582305796823293	5.0	5.0	2.413157356791083	3.848126822083526	2.202419946731969	2.5502106250426824	2.654154729463104	3.112003513568837
08:15	4.781550454692852	2.6582305796823293	5.0	5.0	2.413157356791083	3.848126822083526	2.202419946731969	2.5502106250426824	2.654154729463104	3.112003513568837
08:20	4.781550454692852	2.6582305796823293	5.0	5.0	2.413157356791083	3.848126822083526	2.202419946731969	2.5502106250426824	2.654154729463104	3.112003513568837
08:25	4.781550454692852	2.6582305796823293	5.0	5.0	2.413157356791083	3.848126822083526	2.202419946731969	2.5502106250426824	2.654154729463104	3.112003513568837
08:30	4.781550454692852	2.6582305796823293	5.0	5.0	2.413157356791083	3.848126822083526	2.202419946731969	2.5502106250426824	2.654154729463104	3.112003513568837
08:35	4.781550454692852	2.6582305796823293	5.0	5.0	2.413157356791083	3.848126822083526	2.202419946731969	2.5502106250426824	2.654154729463104	3.112003513568837
08:40	4.781550454692852	2.6582305796823293	5.0	5.0	2.413157356791083	3.848126822083526	2.202419946731969	2.5502106250426824	2.654154729463104	3.112003513568837
08:45	4.781550454692852	2.6582305796823293	5.0	5.0	2.413157356791083	3.848126822083526	2.202419946731969	2.5502106250426824	2.654154729463104	3.112003513568837
08:50	4.781550454692852	2.6582305796823293	5.0	5.0	2.413157356791083	3.848126822083526	2.202419946731969	2.5502106250426824	2.654154729463104	3.112003513568837
08:55	4.781550454692852	2.6582305796823293	5.0	5.0	2.413157356791083	3.848126822083526	2.202419946731969	2.5502106250426824	2.654154729463104	3.112003513568837
09:00	4.781550454692852	2.6582305796823293	5.0	5.0	2.413157356791083	3.848126822083526	2.202419946731969	2.5502106250426824	2.654154729463104	3.112003513568837
09:05	4.013388397532823	1.9036538758429027	4.013873952966711	5.0	1.752239707054124	2.8485012980811315	1.5247171855397608	2.9496794754318922	3.06136322225702	3.0645089587962113
09:10	3.431252167887443	2.1844253864224257	3.0497193868095227	5.0	1.409386417777359	2.686978702339009	0.7110660272686279	3.366346142098559	3.4780298889236865	3.0645089587962113
09:15	3.431252167887443	2.601092053089092	3.0497193868095227	5.0	1.8260530844440257	3.1036453690056756	0.455882499467805	3.7830128087652257	3.8946965555903534	3.0645089587962113
09:20	3.431252167887443	3.0177587197557587	3.0497193868095227	5.0	2.2427197511106924	3.5203120356723425	0.455882499467805	4.199679475431893	4.31136322225702	3.0645089587962113
09:25	3.431252167887443	3.4344253864224257	3.0497193868095227	5.0	2.6593864177773594	3.936978702339009	0.455882499467805	4.616346142098559	4.728029888923687	3.0645089587962113
09:30	3.431252167887443	3.851092053089092	3.0497193868095227	5.0	3.076053084444026	4.353645369005676	0.455882499467805	5.0	5.0	3.0645089587962113
09:35	3.431252167887443	4.267758719755759	3.0497193868095227	5.0	3.4927197511106924	4.770312035672342	0.455882499467805	5.0	5.0	3.0645089587962113
09:40	3.431252167887443	4.684425386422426	3.0497193868095227	5.0	3.9093864177773594	5.0	0.455882499467805	5.0	5.0	3.0645089587962113
09:45	3.431252167887443	5.0	3.0497193868095227	5.0	4.326053084444026	5.0	0.455882499467805	5.0	5.0	3.0645089587962113
09:50	3.431252167887443	5.0	3.0497193868095227	5.0	4.742719751110693	5.0	0.455882499467805	5.0	5.0	3.0645089587962113
09:55	3.431252167887443	5.0	3.0497193868095227	5.0	5.0	5.0	0.455882499467805	5.0	5.0	3.0645089587962113
10:00	3.431252167887443	5.0	3.0497193868095227	5.0	5.0	5.0	0.455882499467805	5.0	5.0	3.0645089587962113
10:05	3.431252167887443	5.0	3.0497193868095227	5.0	5.0	5.0	0.455882499467805	5.0	5.0	3.0645089587962113
10:10	3.431252167887443	5.0	3.0497193868095227	5.0	5.0	5.0	0.455882499467805	5.0	5.0	3.0645089587962113
10:15	3.431252167887443	5.0	3.0497193868095227	5.0	5.0	5.0	0.455882499467805	5.0	5.0	3.0645089587962113
10:20	3.431252167887443	5.0	3.0497193868095227	5.0	5.0	5.0	0.455882499467805	5.0	5.0	3.0645089587962113
10:25	3.431252167887443	5.0	3.0497193868095227	5.0	5.0	5.0	0.455882499467805	5.0	5.0	3.0645089587962113
10:30	3.431252167887443	5.0	3.0497193868095227	5.0	5.0	5.0	0.455882499467805	5.0	5.0	3.0645089587962113
10:35	3.431252167887443	5.0	3.0497193868095227	5.0	5.0	5.0	0.455882499467805	5.0	5.0	3.0645089587962113
10:40	3.431252167887443	4.88806260801345	3.0497193868095227	5.0	4.856308169288999	4.877725178183909	0.455882499467805	5.0	5.0	3.0645089587962113
10:45	3.431252167887443	4.88806260801345	3.0497193868095227	5.0	4.796665465796534	4.877725178183909	0.455882499467805	5.0	5.0	3.0645089587962113
10:50	3.431252167887443	4.88806260801345	3.0497193868095227	5.0	5.0	4.877725178183909	0.455882499467805	5.0	5.0	3.0645089587962113
10:55	3.431252167887443	4.88806260801345	3.0497193868095227	5.0	5.0	4.877725178183909	0.455882499467805	5.0	5.0	3.0645089587962113
11:00	3.431252167887443	4.88806260801345	3.0497193868095227	5.0	5.0	4.877725178183909	0.455882499467805	5.0	5.0	3.0645089587962113
11:05	3.431252167887443	4.88806260801345	3.0497193868095227	5.0	5.0	4.877725178183909	0.455882499467805	5.0	5.0	3.0645089587962113
11:10	3.431252167887443	4.88806260801345	3.0497193868095227	5.0	5.0	4.877725178183909	0.455882499467805	5.0	5.0	3.0645089587962113
11:15	3.431252167887443	4.88806260801345	3.0497193868095227	5.0	5.0	4.877725178183909	0.455882499467805	5.0	5.0	3.0645089587962113
11:20	3.431252167887443	4.88806260801345	3.0497193868095227	5.0	5.0	4.877725178183909	0.455882499467805	5.0	5.0	3.0645089587962113
11:25	3.431252167887443	4.88806260801345	3.0497193868095227	5.0	5.0	4.877725178183909	0.455882499467805	5.0	5.0	3.0645089587962113
11:30	3.431252167887443	4.88806260801345	3.0497193868095227	5.0	5.0	4.877725178183909	0.455882499467805	5.0	5.0	3.0645089587962113
11:35	3.431252167887443	4.88806260801345	3.0497193868095227	5.0	5.0	4.877725178183909	0.455882499467805	5.0	5.0	3.0645089587962113
11:40	3.431252167887443	4.88806260801345	3.0497193868095227	5.0	5.0	4.877725178183909	0.455882499467805	5.0	5.0	3.0645089587962113
11:45	3.431252167887443	4.88806260801345	3.0497193868095227	5.0	5.0	4.877725178183909	0.455882499467805	5.0	5.0	3.0645089587962113
11:50	3.431252167887443	4.88806260801345	3.0497193868095227	5.0	5.0	4.877725178183909	0.455882499467805	5.0	5.0	3.0645089587962113
11:55	3.431252167887443	4.88806260801345	3.0497193868095227	5.0	5.0	4.877725178183909	0.455882499467805	5.0	5.0	3.0645089587962113
12:00	3.431252167887443	4.88806260801345	3.0497193868095227	5.0	5.0	4.877725178183909	0.455882499467805	5.0	5.0	3.0645089587962113
12:05	3.431252167887443	4.88806260801345	3.0497193868095227	5.0	5.0	4.877725178183909	0.455882499467805	5.0	5.0	3.0645089587962113
12:10	3.431252167887443	4.88806260801345	3.0497193868095227	5.0	5.0	4.877725178183909	0.455882499467805	5.0	5.0	3.0645089587962113
12:15	3.431252167887443	4.88806260801345	3.0497193868095227	5.0	4.9117466483148196	4.877725178183909	0.455882499467805	5.0	5.0	3.0645089587962113
12:20	3.431252167887443	4.88806260801345	3.0497193868095227	5.0	5.0	4.877725178183909	0.455882499467805	5.0	5.0	3.0645089587962113
12:25	3.431252167887443	4.88806260801345	3.0497193868095227	5.0	5.0	4.877725178183909	0.455882499467805	5.0	5.0	3.0645089587962113
12:30	3.431252167887443	4.88806260801345	3.0497193868095227	5.0	5.0	4.877725178183909	0.455882499467805	5.0	5.0	3.0645089587962113
12:35	3.431252167887443	4.88806260801345	3.0497193868095227	5.0	5.0	4.877725178183909	0.455882499467805	5.0	5.0	3.0645089587962113
12:40	3.431252167887443	4.88806260801345	3.0497193868095227	5.0	5.0	4.877725178183909	0.455882499467805	5.0	5.0	3.0645089587962113
12:45	3.431252167887443	4.88806260801345	3.0497193868095227	5.0	5.0	4.877725178183909	0.455882499467805	5.0	5.0	3.0645089587962113
12:50	3.431252167887443	4.88806260801345	3.0497193868095227	5.0	5.0	4.877725178183909	0.455882499467805	5.0	5.0	3.0645089587962113
12:55	3.431252167887443	4.88806260801345	3.0497193868095227	5.0	5.0	4.877725178183909	0.455882499467805	5.0	5.0	3.0645089587962113
13:00	3.431252167887443	4.88806260801345	3.0497193868095227	5.0	5.0	4.877725178183909	0.455882499467805	5.0	5.0	3.0645089587962113
13:05	3.431252167887443	4.88806260801345	3.0497193868095227	5.0	5.0	4.877725178183909	0.455882499467805	5.0	5.0	3.0645089587962113
13:10	3.431252167887443	4.88806260801345	3.0497193868095227	5.0	5.0	4.877725178183909	0.455882499467805	5.0	5.0	3.0645089587962113
13:15	3.431252167887443	4.88806260801345	3.0497193868095227	5.0	5.0	4.877725178183909	0.455882499467805	5.0	5.0	3.0645089587962113
13:20	3.431252167887443	4.88806260801345	3.0497193868095227	5.0	5.0	4.877725178183909	0.455882499467805	5.0	5.0	3.0645089587962113
13:25	3.431252167887443	4.88806260801345	3.0497193868095227	5.0	5.0	4.877725178183909	0.455882499467805	5.0	5.0	3.0645089587962113
13:30	3.431252167887443	4.88806260801345	3.0497193868095227	5.0	5.0	4.877725178183909	0.455882499467805	5.0	5.0	3.0645089587962113
13:35	3.431252167887443	4.88806260801345	3.0497193868095227	4.120470899145971	5.0	4.877725178183909	0.455882499467805	5.0	4.251393307870805	3.0645089587962113
13:40	3.431252167887443	4.88806260801345	3.0497193868095227	4.04827903740392	5.0	4.877725178183909	0.455882499467805	5.0	3.3752370229372652	3.0645089587962113
13:45	3.431252167887443	4.88806260801345	3.0497193868095227	4.464945704070587	4.789341547131022	4.877725178183909	0.455882499467805	5.0	3.236517278437383	3.0645089587962113
13:50	3.431252167887443	4.88806260801345	3.0497193868095227	4.881612370737253	3.860026532053551	4.877725178183909	0.455882499467805	5.0	3.65318394510405	3.0645089587962113
13:55	3.431252167887443	4.88806260801345	3.0497193868095227	5.0	4.276693198720218	4.877725178183909	0.455882499467805	5.0	4.0698506117707165	3.0645089587962113
14:00	3.431252167887443	4.88806260801345	3.0497193868095227	5.0	4.693359865386885	4.877725178183909	0.455882499467805	5.0	4.4865172784373835	3.0645089587962113
14:05	3.431252167887443	4.88806260801345	3.0497193868095227	5.0	5.0	4.877725178183909	0.455882499467805	5.0	4.9031839451040495	3.0645089587962113
14:10	3.431252167887443	4.88806260801345	3.0497193868095227	5.0	5.0	4.877725178183909	0.455882499467805	5.0	5.0	3.0645089587962113
14:15	3.431252167887443	4.88806260801345	3.0497193868095227	5.0	5.0	4.877725178183909	0.455882499467805	5.0	5.0	3.0645089587962113
14:20	3.431252167887443	4.88806260801345	3.0497193868095227	5.0	5.0	4.877725178183909	0.455882499467805	5.0	5.0	3.0645089587962113
14:25	3.431252167887443	4.88806260801345	3.0497193868095227	5.0	5.0	4.877725178183909	0.455882499467805	5.0	5.0	3.0645089587962113
14:30	3.431252167887443	4.88806260801345	3.0497193868095227	5.0	5.0	4.877725178183909	0.455882499467805	5.0	5.0	3.0645089587962113
14:35	3.431252167887443	4.88806260801345	3.0497193868095227	5.0	5.0	4.877725178183909	0.455882499467805	5.0	5.0	3.0645089587962113
14:40	3.431252167887443	4.88806260801345	3.0497193868095227	5.0	5.0	4.877725178183909	0.455882499467805	5.0	5.0	3.0645089587962113
14:45	3.431252167887443	4.88806260801345	3.0497193868095227	5.0	5.0	4.877725178183909	0.455882499467805	5.0	5.0	3.0645089587962113
14:50	3.431252167887443	4.88806260801345	3.0497193868095227	5.0	5.0	4.877725178183909	0.455882499467805	5.0	5.0	3.0645089587962113
14:55	3.431252167887443	4.88806260801345	3.0497193868095227	5.0	5.0	4.877725178183909	0.455882499467805	5.0	5.0	3.0645089587962113
15:00	3.431252167887443	4.88806260801345	3.0497193868095227	5.0	5.0	4.877725178183909	0.455882499467805	5.0	5.0	3.0645089587962113
15:05	3.431252167887443	4.88806260801345	3.0497193868095227	5.0	5.0	4.877725178183909	0.455882499467805	5.0	5.0	3.0645089587962113
15:10	3.431252167887443	4.88806260801345	3.0497193868095227	5.0	5.0	4.877725178183909	0.455882499467805	5.0	5.0	3.0645089587962113
15:15	3.431252167887443	4.88806260801345	3.0497193868095227	5.0	5.0	4.877725178183909	0.455882499467805	5.0	4.511545505294393	3.0645089587962113
15:20	3.431252167887443	4.88806260801345	3.0497193868095227	5.0	4.930626912157683	4.877725178183909	0.455882499467805	5.0	3.6320923033721466	3.0645089587962113
15:25	3.431252167887443	4.88806260801345	3.0497193868095227	5.0	4.064876364294947	4.877725178183909	0.455882499467805	5.0	3.0851216070188787	3.0645089587962113
15:30	3.431252167887443	4.88806260801345	3.0497193868095227	5.0	4.295255890832978	4.877725178183909	0.455882499467805	5.0	3.5017882736855457	3.0645089587962113
15:35	3.431252167887443	4.88806260801345	3.0497193868095227	5.0	4.711922557499645	4.877725178183909	0.455882499467805	5.0	3.918454940352212	3.0645089587962113
15:40	3.431252167887443	4.88806260801345	3.0497193868095227	5.0	5.0	4.877725178183909	0.455882499467805	5.0	4.335121607018879	3.0645089587962113
15:45	3.431252167887443	4.88806260801345	3.0497193868095227	5.0	5.0	4.877725178183909	0.455882499467805	5.0	4.751788273685546	3.0645089587962113
15:50	3.431252167887443	4.88806260801345	3.0497193868095227	5.0	5.0	4.877725178183909	0.455882499467805	5.0	5.0	3.0645089587962113
15:55	3.431252167887443	4.88806260801345	3.0497193868095227	5.0	5.0	4.877725178183909	0.455882499467805	5.0	5.0	3.0645089587962113
16:00	3.431252167887443	4.88806260801345	3.0497193868095227	5.0	5.0	4.877725178183909	0.455882499467805	5.0	5.0	3.0645089587962113
16:05	3.431252167887443	4.88806260801345	3.0497193868095227	5.0	5.0	4.877725178183909	0.455882499467805	5.0	5.0	3.0645089587962113
16:10	3.431252167887443	4.88806260801345	3.0497193868095227	5.0	5.0	4.877725178183909	0.455882499467805	5.0	5.0	3.0645089587962113
16:15	3.431252167887443	4.88806260801345	3.0497193868095227	5.0	5.0	4.877725178183909	0.455882499467805	5.0	5.0	3.0645089587962113
16:20	3.431252167887443	4.88806260801345	3.0497193868095227	5.0	5.0	4.877725178183909	0.455882499467805	5.0	5.0	3.0645089587962113
16:25	3.431252167887443	4.88806260801345	3.0497193868095227	5.0	5.0	4.877725178183909	0.455882499467805	5.0	5.0	3.0645089587962113
16:30	3.431252167887443	4.88806260801345	3.0497193868095227	5.0	5.0	4.877725178183909	0.455882499467805	5.0	5.0	3.0645089587962113
16:35	3.431252167887443	4.88806260801345	3.0497193868095227	5.0	5.0	4.877725178183909	0.455882499467805	5.0	5.0	3.0645089587962113
16:40	3.431252167887443	4.88806260801345	3.0497193868095227	5.0	5.0	4.877725178183909	0.455882499467805	5.0	5.0	3.0645089587962113
16:45	3.431252167887443	4.88806260801345	3.0497193868095227	5.0	5.0	4.877725178183909	0.455882499467805	5.0	5.0	3.0645089587962113
16:50	3.431252167887443	4.88806260801345	3.0497193868095227	5.0	5.0	4.877725178183909	0.455882499467805	5.0	5.0	3.0645089587962113
16:55	3.431252167887443	4.88806260801345	3.0497193868095227	5.0	5.0	4.877725178183909	0.455882499467805	5.0	4.798149351128746	3.0645089587962113
17:00	3.431252167887443	4.88806260801345	3.0497193868095227	5.0	4.146711700542288	4.877725178183909	0.455882499467805	5.0	3.9729490121374886	3.0645089587962113
17:05	3.431252167887443	4.88806260801345	3.0497193868095227	5.0	4.34946376651332	4.877725178183909	0.455882499467805	5.0	3.0236631215500855	3.0645089587962113
17:10	3.431252167887443	4.88806260801345	3.0497193868095227	5.0	4.7661304331799865	4.877725178183909	0.455882499467805	5.0	3.3504525056474455	3.0645089587962113
17:15	3.431252167887443	4.88806260801345	3.0497193868095227	5.0	5.0	4.877725178183909	0.455882499467805	5.0	3.767119172314112	3.0645089587962113
17:20	3.431252167887443	4.88806260801345	3.0497193868095227	5.0	5.0	4.877725178183909	0.455882499467805	5.0	4.1837858389807785	3.0645089587962113
17:25	3.431252167887443	4.88806260801345	3.0497193868095227	5.0	5.0	4.877725178183909	0.455882499467805	5.0	4.6004525056474455	3.0645089587962113
17:30	3.431252167887443	4.88806260801345	3.0497193868095227	5.0	5.0	4.877725178183909	0.455882499467805	5.0	5.0	3.0645089587962113
17:35	3.431252167887443	4.88806260801345	3.0497193868095227	5.0	5.0	4.877725178183909	0.455882499467805	5.0	5.0	3.0645089587962113
17:40	3.431252167887443	4.88806260801345	3.0497193868095227	5.0	5.0	4.877725178183909	0.455882499467805	5.0	5.0	3.0645089587962113
17:45	3.431252167887443	4.88806260801345	3.0497193868095227	5.0	5.0	4.877725178183909	0.455882499467805	5.0	5.0	3.0645089587962113
17:50	3.431252167887443	4.88806260801345	3.0497193868095227	5.0	5.0	4.877725178183909	0.455882499467805	5.0	5.0	3.0645089587962113
17:55	3.431252167887443	4.88806260801345	3.0497193868095227	5.0	5.0	4.877725178183909	0.455882499467805	5.0	5.0	3.0645089587962113
18:00	3.431252167887443	4.88806260801345	3.0497193868095227	5.0	5.0	4.877725178183909	0.455882499467805	5.0	5.0	3.0645089587962113
18:05	2.465841707519787	4.162761180672285	1.9790840569196921	5.0	5.0	3.9045855703984036	0.0	5.0	5.0	2.0163327325085283
18:10	2.465841707519787	4.579427847338951	1.660683952573483	4.481587097833698	5.0	3.848126822083526	0.0	5.0	5.0	1.2240070271376635
18:15	2.465841707519787	4.996094514005618	1.660683952573483	4.428808048490868	5.0	3.848126822083526	0.0	5.0	5.0	1.2240070271376635
18:20	2.465841707519787	5.0	1.660683952573483	4.845474715157534	5.0	3.848126822083526	0.0	5.0	5.0	1.2240070271376635
18:25	2.465841707519787	5.0	1.660683952573483	5.0	5.0	3.848126822083526	0.0	5.0	5.0	1.2240070271376635
18:30	2.465841707519787	5.0	1.660683952573483	5.0	5.0	3.848126822083526	0.0	5.0	5.0	1.2240070271376635
18:35	2.465841707519787	5.0	1.660683952573483	5.0	5.0	3.848126822083526	0.0	5.0	5.0	1.2240070271376635
18:40	2.465841707519787	5.0	1.660683952573483	5.0	5.0	3.848126822083526	0.0	5.0	4.004431385922227	1.2240070271376635
18:45	2.465841707519787	5.0	1.660683952573483	5.0	5.0	3.848126822083526	0.0	5.0	2.9683426106287296	1.2240070271376635
18:50	2.465841707519787	5.0	1.660683952573483	5.0	5.0	3.848126822083526	0.0	5.0	2.5113440968227962	1.2240070271376635
18:55	2.465841707519787	5.0	1.660683952573483	5.0	5.0	3.848126822083526	0.0	5.0	2.9280107634894628	1.2240070271376635
19:00	2.465841707519787	5.0	1.660683952573483	5.0	5.0	3.848126822083526	0.0	5.0	3.3446774301561293	1.2240070271376635
19:05	2.465841707519787	5.0	1.660683952573483	5.0	5.0	3.848126822083526	0.0	5.0	3.7613440968227962	1.2240070271376635
19:10	2.465841707519787	5.0	1.660683952573483	5.0	5.0	3.848126822083526	0.0	5.0	4.178010763489462	1.2240070271376635
19:15	2.465841707519787	5.0	1.660683952573483	5.0	5.0	3.848126822083526	0.0	5.0	4.594677430156129	1.2240070271376635
19:20	2.465841707519787	5.0	1.660683952573483	5.0	5.0	3.848126822083526	0.0	5.0	5.0	1.2240070271376635
19:25	2.465841707519787	5.0	1.660683952573483	5.0	5.0	3.848126822083526	0.0	5.0	5.0	1.2240070271376635
19:30	2.465841707519787	5.0	1.660683952573483	5.0	5.0	3.848126822083526	0.0	5.0	5.0	1.2240070271376635
19:35	2.465841707519787	4.899227091835749	1.660683952573483	5.0	5.0	3.848126822083526	0.0	5.0	5.0	1.2240070271376635
19:40	2.465841707519787	4.729647453341244	1.660683952573483	5.0	5.0	3.848126822083526	0.0	5.0	5.0	1.2240070271376635
19:45	2.465841707519787	4.729647453341244	1.660683952573483	4.497885771491139	5.0	3.848126822083526	0.0	5.0	5.0	1.2240070271376635
19:50	2.465841707519787	4.729647453341244	1.660683952573483	3.8812889567840574	5.0	3.848126822083526	0.0	5.0	5.0	1.2240070271376635
19:55	2.465841707519787	4.729647453341244	1.660683952573483	4.297955623450724	5.0	3.848126822083526	0.0	5.0	5.0	1.2240070271376635
20:00	2.465841707519787	4.729647453341244	1.660683952573483	4.714622290117391	5.0	3.848126822083526	0.0	5.0	5.0	1.2240070271376635
20:05	2.465841707519787	4.729647453341244	1.660683952573483	5.0	4.928048356713519	3.848126822083526	0.0	5.0	5.0	1.2240070271376635
20:10	2.465841707519787	4.729647453341244	1.660683952573483	5.0	5.0	3.848126822083526	0.0	5.0	5.0	1.2240070271376635
20:15	2.465841707519787	4.729647453341244	1.660683952573483	5.0	5.0	3.848126822083526	0.0	5.0	5.0	1.2240070271376635
20:20	2.465841707519787	4.729647453341244	1.660683952573483	5.0	5.0	3.848126822083526	0.0	5.0	4.733910319507531	1.2240070271376635
20:25	2.465841707519787	4.729647453341244	1.660683952573483	5.0	5.0	3.848126822083526	0.0	5.0	3.8503513083881122	1.2240070271376635
20:30	2.465841707519787	4.729647453341244	1.660683952573483	5.0	5.0	3.848126822083526	0.0	5.0	2.726133230684252	1.2240070271376635
20:35	2.465841707519787	4.729647453341244	1.660683952573483	5.0	5.0	3.848126822083526	0.0	5.0	3.142799897350919	1.2240070271376635
20:40	2.465841707519787	4.729647453341244	1.660683952573483	5.0	5.0	3.848126822083526	0.0	5.0	3.5594665640175855	1.2240070271376635
20:45	2.465841707519787	4.729647453341244	1.660683952573483	5.0	5.0	3.848126822083526	0.0	5.0	3.976133230684252	1.2240070271376635
20:50	2.465841707519787	4.729647453341244	1.660683952573483	5.0	5.0	3.848126822083526	0.0	5.0	4.392799897350919	1.2240070271376635
20:55	2.465841707519787	4.729647453341244	1.660683952573483	5.0	5.0	3.848126822083526	0.0	5.0	4.809466564017586	1.2240070271376635
21:00	2.465841707519787	4.729647453341244	1.660683952573483	5.0	5.0	3.848126822083526	0.0	5.0	5.0	1.2240070271376635
21:05	2.465841707519787	4.729647453341244	1.660683952573483	5.0	5.0	3.848126822083526	0.0	5.0	5.0	1.2240070271376635
21:10	2.465841707519787	4.729647453341244	1.660683952573483	5.0	5.0	3.848126822083526	0.0	5.0	5.0	1.2240070271376635
21:15	2.465841707519787	4.729647453341244	1.660683952573483	5.0	5.0	3.848126822083526	0.0	5.0	5.0	1.2240070271376635
21:20	2.465841707519787	4.729647453341244	1.660683952573483	4.783079894262166	5.0	3.848126822083526	0.0	5.0	5.0	1.2240070271376635
21:25	2.465841707519787	4.729647453341244	1.660683952573483	4.2681689646118945	5.0	3.848126822083526	0.0	5.0	5.0	1.2240070271376635
21:30	2.465841707519787	4.729647453341244	1.660683952573483	4.684835631278561	5.0	3.848126822083526	0.0	5.0	5.0	1.2240070271376635
21:35	2.465841707519787	4.729647453341244	1.660683952573483	5.0	4.856703685078416	3.848126822083526	0.0	5.0	5.0	1.2240070271376635
21:40	2.465841707519787	4.729647453341244	1.660683952573483	5.0	5.0	3.848126822083526	0.0	5.0	5.0	1.2240070271376635
21:45	2.465841707519787	4.729647453341244	1.660683952573483	5.0	5.0	3.848126822083526	0.0	5.0	5.0	1.2240070271376635
21:50	2.465841707519787	4.729647453341244	1.660683952573483	5.0	5.0	3.848126822083526	0.0	5.0	5.0	1.2240070271376635
21:55	2.465841707519787	4.729647453341244	1.660683952573483	5.0	5.0	3.848126822083526	0.0	5.0	5.0	1.2240070271376635
22:00	2.465841707519787	4.729647453341244	1.660683952573483	5.0	5.0	3.848126822083526	0.0	5.0	4.9870625861079425	1.2240070271376635
22:05	2.465841707519787	4.729647453341244	1.660683952573483	5.0	5.0	3.848126822083526	0.0	5.0	4.071353650261191	1.2240070271376635
22:10	2.465841707519787	4.729647453341244	1.660683952573483	5.0	5.0	3.848126822083526	0.0	5.0	3.207395360543446	1.2240070271376635
22:15	2.465841707519787	4.729647453341244	1.660683952573483	5.0	5.0	3.848126822083526	0.0	5.0	3.197822180206814	1.2240070271376635
22:20	2.465841707519787	4.729647453341244	1.660683952573483	5.0	5.0	3.848126822083526	0.0	5.0	3.614488846873481	1.2240070271376635
22:25	2.465841707519787	4.729647453341244	1.660683952573483	5.0	5.0	3.848126822083526	0.0	5.0	4.031155513540147	1.2240070271376635
22:30	2.465841707519787	4.729647453341244	1.660683952573483	5.0	5.0	3.848126822083526	0.0	5.0	4.447822180206814	1.2240070271376635
22:35	2.465841707519787	4.729647453341244	1.660683952573483	5.0	5.0	3.848126822083526	0.0	5.0	4.86448884687348	1.2240070271376635
22:40	2.465841707519787	4.729647453341244	1.660683952573483	5.0	5.0	3.848126822083526	0.0	5.0	5.0	1.2240070271376635
22:45	2.465841707519787	4.729647453341244	1.660683952573483	5.0	5.0	3.848126822083526	0.0	5.0	5.0	1.2240070271376635
22:50	2.465841707519787	4.729647453341244	1.660683952573483	5.0	5.0	3.848126822083526	0.0	5.0	5.0	1.2240070271376635
22:55	2.465841707519787	4.729647453341244	1.660683952573483	4.822562272881669	5.0	3.848126822083526	0.0	5.0	5.0	1.2240070271376635
23:00	2.465841707519787	4.729647453341244	1.660683952573483	4.646597508321552	5.0	3.848126822083526	0.0	5.0	5.0	1.2240070271376635
23:05	2.465841707519787	4.729647453341244	1.660683952573483	5.0	4.961062184338699	3.848126822083526	0.0	5.0	5.0	1.2240070271376635
23:10	2.465841707519787	4.729647453341244	1.660683952573483	5.0	4.368641172962809	3.848126822083526	0.0	5.0	5.0	1.2240070271376635
23:15	2.465841707519787	4.729647453341244	1.660683952573483	5.0	4.785307839629477	3.848126822083526	0.0	5.0	5.0	1.2240070271376635
23:20	2.465841707519787	4.729647453341244	1.660683952573483	5.0	5.0	3.848126822083526	0.0	5.0	5.0	1.2240070271376635
23:25	2.465841707519787	4.729647453341244	1.660683952573483	5.0	5.0	3.848126822083526	0.0	5.0	5.0	1.2240070271376635
23:30	2.465841707519787	4.729647453341244	1.660683952573483	5.0	5.0	3.848126822083526	0.0	5.0	5.0	1.2240070271376635
23:35	2.465841707519787	4.729647453341244	1.660683952573483	5.0	5.0	3.848126822083526	0.0	5.0	5.0	1.2240070271376635
23:40	2.465841707519787	4.729647453341244	1.660683952573483	5.0	5.0	3.848126822083526	0.0	5.0	5.0	1.2240070271376635
23:45	2.465841707519787	4.729647453341244	1.660683952573483	5.0	5.0	3.848126822083526	0.0	5.0	5.0	1.2240070271376635
23:50	2.465841707519787	4.729647453341244	1.660683952573483	5.0	5.0	3.848126822083526	0.0	5.0	5.0	1.2240070271376635
23:55	2.465841707519787	4.729647453341244	1.660683952573483	5.0	5.0	3.848126822083526	0.0	5.0	5.0	1.2240070271376635
24:00	2.465841707519787	4.729647453341244	1.660683952573483	5.0	5.0	3.848126822083526	0.0	5.0	5.0	1.2240070271376635
