time	1	2	3	4	5	6	7	8	9	10
00:00	4.9027781877810455	4.729647453341244	5.0	5.0	2.413157356791083	1.542588024915064	5.0	2.575890087324738	5.0	5.0
00:05	4.9027781877810455	4.729647453341244	5.0	5.0	2.413157356791083	1.542588024915064	5.0	2.575890087324738	5.0	5.0
00:10	4.9027781877810455	4.729647453341244	5.0	5.0	2.413157356791083	1.542588024915064	5.0	2.575890087324738	5.0	5.0
00:15	4.9027781877810455	4.729647453341244	5.0	5.0	2.413157356791083	1.542588024915064	5.0	2.575890087324738	5.0	5.0
00:20	4.9027781877810455	4.729647453341244	5.0	5.0	2.413157356791083	1.542588024915064	5.0	2.575890087324738	5.0	5.0
00:25	4.9027781877810455	4.729647453341244	5.0	5.0	2.413157356791083	1.542588024915064	5.0	2.575890087324738	5.0	5.0
00:30	4.9027781877810455	4.729647453341244	5.0	5.0	2.413157356791083	1.542588024915064	5.0	2.575890087324738	5.0	5.0
00:35	4.9027781877810455	4.729647453341244	5.0	5.0	2.413157356791083	1.542588024915064	5.0	2.575890087324738	5.0	5.0
00:40	4.9027781877810455	4.729647453341244	5.0	5.0	2.413157356791083	1.542588024915064	5.0	2.575890087324738	5.0	5.0
00:45	4.9027781877810455	4.729647453341244	5.0	5.0	2.413157356791083	1.542588024915064	5.0	2.575890087324738	5.0	5.0
00:50	4.9027781877810455	4.729647453341244	5.0	5.0	2.413157356791083	1.542588024915064	5.0	2.575890087324738	5.0	5.0
00:55	4.9027781877810455	4.729647453341244	5.0	5.0	2.413157356791083	1.542588024915064	5.0	2.575890087324738	5.0	5.0
01:00	4.9027781877810455	4.729647453341244	5.0	5.0	2.413157356791083	1.542588024915064	5.0	2.575890087324738	5.0	5.0
01:05	4.9027781877810455	4.729647453341244	5.0	5.0	2.413157356791083	1.542588024915064	5.0	2.575890087324738	5.0	5.0
01:10	4.9027781877810455	4.729647453341244	5.0	5.0	2.413157356791083	1.542588024915064	5.0	2.575890087324738	5.0	5.0
01:15	4.9027781877810455	4.729647453341244	5.0	5.0	2.413157356791083	1.542588024915064	5.0	2.575890087324738	5.0	5.0
01:20	4.9027781877810455	4.729647453341244	5.0	5.0	2.413157356791083	1.542588024915064	5.0	2.575890087324738	5.0	5.0
01:25	4.9027781877810455	4.729647453341244	5.0	5.0	2.413157356791083	1.542588024915064	5.0	2.575890087324738	5.0	5.0
01:30	4.9027781877810455	4.729647453341244	5.0	5.0	2.413157356791083	1.542588024915064	5.0	2.575890087324738	5.0	5.0
01:35	4.9027781877810455	4.729647453341244	5.0	5.0	2.413157356791083	1.542588024915064	5.0	2.575890087324738	5.0	5.0
01:40	4.9027781877810455	4.729647453341244	5.0	5.0	2.413157356791083	1.542588024915064	5.0	2.575890087324738	5.0	5.0
01:45	4.9027781877810455	4.729647453341244	5.0	5.0	2.413157356791083	1.542588024915064	5.0	2.575890087324738	5.0	5.0
01:50	4.9027781877810455	4.729647453341244	5.0	5.0	2.413157356791083	1.542588024915064	5.0	2.575890087324738	5.0	5.0
01:55	4.9027781877810455	4.729647453341244	5.0	5.0	2.413157356791083	1.542588024915064	5.0	2.575890087324738	5.0	5.0
02:00	4.9027781877810455	4.729647453341244	5.0	5.0	2.413157356791083	1.542588024915064	5.0	2.575890087324738	5.0	5.0
02:05	4.9027781877810455	4.729647453341244	5.0	5.0	2.413157356791083	1.542588024915064	5.0	2.575890087324738	5.0	5.0
02:10	4.9027781877810455	4.729647453341244	5.0	5.0	2.413157356791083	1.542588024915064	5.0	2.575890087324738	5.0	5.0
02:15	4.9027781877810455	4.729647453341244	5.0	5.0	2.413157356791083	1.542588024915064	5.0	2.575890087324738	5.0	5.0
02:20	4.9027781877810455	4.729647453341244	5.0	5.0	2.413157356791083	1.542588024915064	5.0	2.575890087324738	5.0	5.0
02:25	4.9027781877810455	4.729647453341244	5.0	5.0	2.413157356791083	1.542588024915064	5.0	2.575890087324738	5.0	5.0
02:30	4.9027781877810455	4.729647453341244	5.0	5.0	2.413157356791083	1.542588024915064	5.0	2.575890087324738	5.0	5.0
02:35	4.9027781877810455	4.729647453341244	5.0	5.0	2.413157356791083	1.542588024915064	5.0	2.575890087324738	5.0	5.0
02:40	4.9027781877810455	4.729647453341244	5.0	5.0	2.413157356791083	1.542588024915064	5.0	2.575890087324738	5.0	5.0
02:45	4.9027781877810455	4.729647453341244	5.0	5.0	2.413157356791083	1.542588024915064	5.0	2.575890087324738	5.0	5.0
02:50	4.9027781877810455	4.729647453341244	5.0	5.0	2.413157356791083	1.542588024915064	5.0	2.575890087324738	5.0	5.0
02:55	4.9027781877810455	4.729647453341244	5.0	5.0	2.413157356791083	1.542588024915064	5.0	2.575890087324738	5.0	5.0
03:00	4.9027781877810455	4.729647453341244	5.0	5.0	2.413157356791083	1.542588024915064	5.0	2.575890087324738	5.0	5.0
03:05	4.9027781877810455	4.729647453341244	5.0	5.0	2.413157356791083	1.542588024915064	5.0	2.575890087324738	5.0	5.0
03:10	4.9027781877810455	4.729647453341244	5.0	5.0	2.413157356791083	1.542588024915064	5.0	2.575890087324738	5.0	5.0
03:15	4.9027781877810455	4.729647453341244	5.0	5.0	2.413157356791083	1.542588024915064	5.0	2.575890087324738	5.0	5.0
03:20	4.9027781877810455	4.729647453341244	5.0	5.0	2.413157356791083	1.542588024915064	5.0	2.575890087324738	5.0	5.0
03:25	4.9027781877810455	4.729647453341244	5.0	5.0	2.413157356791083	1.542588024915064	5.0	2.575890087324738	5.0	5.0
03:30	4.9027781877810455	4.729647453341244	5.0	5.0	2.413157356791083	1.542588024915064	5.0	2.575890087324738	5.0	5.0
03:35	4.9027781877810455	4.729647453341244	5.0	5.0	2.413157356791083	1.542588024915064	5.0	2.575890087324738	5.0	5.0
03:40	4.9027781877810455	4.729647453341244	5.0	5.0	2.413157356791083	1.542588024915064	5.0	2.575890087324738	5.0	5.0
03:45	4.9027781877810455	4.729647453341244	5.0	5.0	2.413157356791083	1.542588024915064	5.0	2.575890087324738	5.0	5.0
03:50	4.9027781877810455	4.729647453341244	5.0	5.0	2.413157356791083	1.542588024915064	5.0	2.575890087324738	5.0	5.0
03:55	4.9027781877810455	4.729647453341244	5.0	5.0	2.413157356791083	1.542588024915064	5.0	2.575890087324738	5.0	5.0
04:00	4.9027781877810455	4.729647453341244	5.0	5.0	2.413157356791083	1.542588024915064	5.0	2.575890087324738	5.0	5.0
04:05	4.9027781877810455	4.729647453341244	5.0	5.0	2.413157356791083	1.542588024915064	5.0	2.575890087324738	5.0	5.0
04:10	4.9027781877810455	4.729647453341244	5.0	5.0	2.413157356791083	1.542588024915064	5.0	2.575890087324738	5.0	5.0
04:15	4.9027781877810455	4.729647453341244	5.0	5.0	2.413157356791083	1.542588024915064	5.0	2.575890087324738	5.0	5.0
04:20	4.9027781877810455	4.729647453341244	5.0	5.0	2.413157356791083	1.542588024915064	5.0	2.575890087324738	5.0	5.0
04:25	4.9027781877810455	4.729647453341244	5.0	5.0	2.413157356791083	1.542588024915064	5.0	2.575890087324738	5.0	5.0
04:30	4.9027781877810455	4.729647453341244	5.0	5.0	2.413157356791083	1.542588024915064	5.0	2.575890087324738	5.0	5.0
04:35	4.9027781877810455	4.729647453341244	5.0	5.0	2.413157356791083	1.542588024915064	5.0	2.575890087324738	5.0	5.0
04:40	4.9027781877810455	4.729647453341244	5.0	5.0	2.413157356791083	1.542588024915064	5.0	2.575890087324738	5.0	5.0
04:45	4.9027781877810455	4.729647453341244	5.0	5.0	2.413157356791083	1.542588024915064	5.0	2.575890087324738	5.0	5.0
04:50	4.9027781877810455	4.729647453341244	5.0	5.0	2.413157356791083	1.542588024915064	5.0	2.575890087324738	5.0	5.0
04:55	4.9027781877810455	4.729647453341244	5.0	5.0	2.413157356791083	1.542588024915064	5.0	2.575890087324738	5.0	5.0
05:00	4.9027781877810455	4.729647453341244	5.0	5.0	2.413157356791083	1.542588024915064	5.0	2.575890087324738	5.0	5.0
05:05	4.9027781877810455	4.729647453341244	5.0	5.0	2.413157356791083	1.542588024915064	5.0	2.575890087324738	5.0	5.0
05:10	4.9027781877810455	4.729647453341244	5.0	5.0	2.413157356791083	1.542588024915064	5.0	2.575890087324738	5.0	5.0
05:15	4.9027781877810455	4.729647453341244	5.0	5.0	2.413157356791083	1.542588024915064	5.0	2.575890087324738	5.0	5.0
05:20	4.9027781877810455	4.729647453341244	5.0	5.0	2.413157356791083	1.542588024915064	5.0	2.575890087324738	5.0	5.0
05:25	4.9027781877810455	4.729647453341244	5.0	5.0	2.413157356791083	1.542588024915064	5.0	2.575890087324738	5.0	5.0
05:30	4.9027781877810455	4.729647453341244	5.0	5.0	2.413157356791083	1.542588024915064	5.0	2.575890087324738	5.0	5.0
05:35	4.9027781877810455	4.729647453341244	5.0	5.0	2.413157356791083	1.542588024915064	5.0	2.575890087324738	5.0	5.0
05:40	4.9027781877810455	4.729647453341244	5.0	5.0	2.413157356791083	1.542588024915064	5.0	2.575890087324738	5.0	5.0
05:45	4.9027781877810455	4.729647453341244	5.0	5.0	2.413157356791083	1.542588024915064	5.0	2.575890087324738	5.0	5.0
05:50	4.9027781877810455	4.729647453341244	5.0	5.0	2.413157356791083	1.542588024915064	5.0	2.575890087324738	5.0	5.0
05:55	4.9027781877810455	4.729647453341244	5.0	5.0	2.413157356791083	1.542588024915064	5.0	2.575890087324738	5.0	5.0
06:00	4.9027781877810455	4.729647453341244	5.0	5.0	2.413157356791083	1.542588024915064	5.0	2.575890087324738	5.0	5.0
06:05	4.9027781877810455	4.729647453341244	5.0	5.0	2.413157356791083	1.542588024915064	5.0	2.575890087324738	5.0	5.0
06:10	4.9027781877810455	4.729647453341244	5.0	5.0	2.413157356791083	1.542588024915064	5.0	2.575890087324738	5.0	5.0
06:15	4.9027781877810455	4.729647453341244	5.0	5.0	2.413157356791083	1.542588024915064	5.0	2.575890087324738	5.0	5.0
06:20	4.9027781877810455	4.729647453341244	5.0	5.0	2.413157356791083	1.542588024915064	5.0	2.575890087324738	5.0	5.0
06:25	4.9027781877810455	4.729647453341244	5.0	5.0	2.413157356791083	1.542588024915064	5.0	2.575890087324738	5.0	5.0
06:30	4.9027781877810455	4.729647453341244	5.0	5.0	2.413157356791083	1.542588024915064	5.0	2.575890087324738	5.0	5.0
06:35	4.9027781877810455	4.729647453341244	5.0	5.0	2.413157356791083	1.542588024915064	5.0	2.575890087324738	5.0	5.0
06:40	4.9027781877810455	4.729647453341244	5.0	5.0	2.413157356791083	1.542588024915064	5.0	2.575890087324738	5.0	5.0
06:45	4.9027781877810455	4.729647453341244	5.0	5.0	2.413157356791083	1.542588024915064	5.0	2.575890087324738	5.0	5.0
06:50	4.9027781877810455	4.729647453341244	5.0	5.0	2.413157356791083	1.542588024915064	5.0	2.575890087324738	5.0	5.0
06:55	4.9027781877810455	4.729647453341244	5.0	5.0	2.413157356791083	1.542588024915064	5.0	2.575890087324738	5.0	5.0
07:00	4.9027781877810455	4.729647453341244	5.0	5.0	2.413157356791083	1.542588024915064	5.0	2.575890087324738	5.0	5.0
07:05	4.9027781877810455	4.729647453341244	5.0	5.0	2.413157356791083	1.542588024915064	5.0	2.575890087324738	5.0	5.0
07:10	4.9027781877810455	4.729647453341244	5.0	5.0	2.413157356791083	1.542588024915064	5.0	2.575890087324738	5.0	5.0
07:15	4.9027781877810455	4.729647453341244	5.0	5.0	2.413157356791083	1.542588024915064	5.0	2.575890087324738	5.0	5.0
07:20	4.9027781877810455	4.729647453341244	5.0	5.0	2.413157356791083	1.542588024915064	5.0	2.575890087324738	5.0	5.0
07:25	4.9027781877810455	4.729647453341244	5.0	5.0	2.413157356791083	1.542588024915064	5.0	2.575890087324738	5.0	5.0
07:30	4.9027781877810455	4.729647453341244	5.0	5.0	2.413157356791083	1.542588024915064	5.0	2.575890087324738	5.0	5.0
07:35	4.9027781877810455	4.729647453341244	5.0	5.0	2.413157356791083	1.542588024915064	5.0	2.575890087324738	5.0	5.0
07:40	4.9027781877810455	4.729647453341244	5.0	5.0	2.413157356791083	1.542588024915064	5.0	2.575890087324738	5.0	5.0
07:45	4.9027781877810455	4.729647453341244	5.0	5.0	2.413157356791083	1.542588024915064	5.0	2.575890087324738	5.0	5.0
07:50	4.9027781877810455	4.729647453341244	5.0	5.0	2.413157356791083	1.542588024915064	5.0	2.575890087324738	5.0	5.0
07:55	4.9027781877810455	4.729647453341244	5.0	5.0	2.413157356791083	1.542588024915064	5.0	2.575890087324738	5.0	5.0
08:00	4.9027781877810455	4.729647453341244	5.0	5.0	2.413157356791083	1.542588024915064	5.0	2.575890087324738	5.0	5.0
08:05	4.9027781877810455	4.729647453341244	5.0	5.0	2.413157356791083	1.542588024915064	5.0	2.575890087324738	5.0	5.0
08:10	4.9027781877810455	4.729647453341244	5.0	5.0	2.413157356791083	1.542588024915064	5.0	2.575890087324738	5.0	5.0
08:15	4.9027781877810455	4.729647453341244	5.0	5.0	2.413157356791083	1.542588024915064	5.0	2.575890087324738	5.0	5.0
08:20	4.9027781877810455	4.729647453341244	5.0	5.0	2.413157356791083	1.542588024915064	5.0	2.575890087324738	5.0	5.0
08:25	4.9027781877810455	4.729647453341244	5.0	5.0	2.413157356791083	1.542588024915064	5.0	2.575890087324738	5.0	5.0
08:30	4.9027781877810455	4.729647453341244	5.0	5.0	2.413157356791083	1.542588024915064	5.0	2.575890087324738	5.0	5.0
08:35	4.9027781877810455	4.729647453341244	5.0	5.0	2.413157356791083	1.542588024915064	5.0	2.575890087324738	5.0	5.0
08:40	4.9027781877810455	4.729647453341244	5.0	5.0	2.413157356791083	1.542588024915064	5.0	2.575890087324738	5.0	5.0
08:45	4.9027781877810455	4.729647453341244	5.0	5.0	2.413157356791083	1.542588024915064	5.0	2.575890087324738	5.0	5.0
08:50	4.9027781877810455	4.729647453341244	5.0	5.0	2.413157356791083	1.542588024915064	5.0	2.575890087324738	5.0	5.0
08:55	4.9027781877810455	4.729647453341244	5.0	5.0	2.413157356791083	1.542588024915064	5.0	2.575890087324738	5.0	5.0
09:00	4.9027781877810455	4.729647453341244	5.0	5.0	2.413157356791083	1.542588024915064	5.0	2.575890087324738	5.0	5.0
09:05	4.134616130621013	3.9750707495018203	4.013873952966711	5.0	1.752239707054124	0.5433787079470797	4.322297238807789	1.6109066473135838	5.0	4.952505445227375
09:10	4.36489557461577	4.2558422600813435	3.0497193868095227	5.0	1.409386417777359	0.26252513835275365	3.9890071195735266	1.6109066473135838	5.0	4.952505445227375
09:15	4.781562241282436	4.67250892674801	3.0497193868095227	5.0	1.8260530844440257	0.26252513835275365	4.405673786240193	1.6109066473135838	5.0	4.952505445227375
09:20	5.0	5.0	3.0497193868095227	5.0	2.2427197511106924	0.26252513835275365	4.82234045290686	1.6109066473135838	5.0	4.952505445227375
09:25	5.0	5.0	3.0497193868095227	5.0	2.6593864177773594	0.26252513835275365	5.0	1.6109066473135838	5.0	4.952505445227375
09:30	5.0	5.0	3.0497193868095227	5.0	3.076053084444026	0.26252513835275365	5.0	1.6109066473135838	5.0	4.952505445227375
09:35	5.0	5.0	3.0497193868095227	5.0	3.4927197511106924	0.26252513835275365	5.0	1.6109066473135838	5.0	4.952505445227375
09:40	5.0	5.0	3.0497193868095227	5.0	3.9093864177773594	0.26252513835275365	5.0	1.6109066473135838	5.0	4.952505445227375
09:45	5.0	5.0	3.0497193868095227	5.0	4.326053084444026	0.26252513835275365	5.0	1.6109066473135838	5.0	4.952505445227375
09:50	5.0	5.0	3.0497193868095227	5.0	4.742719751110693	0.26252513835275365	5.0	1.6109066473135838	5.0	4.952505445227375
09:55	5.0	5.0	3.0497193868095227	5.0	5.0	0.26252513835275365	5.0	1.6109066473135838	5.0	4.952505445227375
10:00	5.0	5.0	3.0497193868095227	5.0	5.0	0.26252513835275365	5.0	1.6109066473135838	5.0	4.952505445227375
10:05	5.0	5.0	3.0497193868095227	5.0	5.0	0.26252513835275365	5.0	1.6109066473135838	5.0	4.952505445227375
10:10	5.0	5.0	3.0497193868095227	5.0	5.0	0.26252513835275365	5.0	1.6109066473135838	5.0	4.952505445227375
10:15	5.0	5.0	3.0497193868095227	5.0	5.0	0.26252513835275365	5.0	1.6109066473135838	5.0	4.952505445227375
10:20	5.0	5.0	3.0497193868095227	5.0	5.0	0.26252513835275365	5.0	1.6109066473135838	5.0	4.952505445227375
10:25	5.0	5.0	3.0497193868095227	5.0	5.0	0.26252513835275365	5.0	1.6109066473135838	5.0	4.952505445227375
10:30	5.0	5.0	3.0497193868095227	5.0	5.0	0.26252513835275365	5.0	1.6109066473135838	5.0	4.952505445227375
10:35	5.0	5.0	3.0497193868095227	5.0	5.0	0.26252513835275365	5.0	1.6109066473135838	5.0	4.952505445227375
10:40	4.546626879075368	4.88806260801345	3.0497193868095227	5.0	4.856308169288999	0.26252513835275365	5.0	1.6109066473135838	5.0	4.952505445227375
10:45	4.546626879075368	4.88806260801345	3.0497193868095227	5.0	4.796665465796534	0.26252513835275365	5.0	1.6109066473135838	5.0	4.952505445227375
10:50	4.546626879075368	4.88806260801345	3.0497193868095227	5.0	5.0	0.26252513835275365	5.0	1.6109066473135838	5.0	4.952505445227375
10:55	4.546626879075368	4.88806260801345	3.0497193868095227	5.0	5.0	0.26252513835275365	5.0	1.6109066473135838	5.0	4.952505445227375
11:00	4.546626879075368	4.88806260801345	3.0497193868095227	5.0	5.0	0.26252513835275365	5.0	1.6109066473135838	5.0	4.952505445227375
11:05	4.546626879075368	4.88806260801345	3.0497193868095227	5.0	5.0	0.26252513835275365	5.0	1.6109066473135838	5.0	4.952505445227375
11:10	4.546626879075368	4.88806260801345	3.0497193868095227	5.0	5.0	0.26252513835275365	5.0	1.6109066473135838	5.0	4.952505445227375
11:15	4.546626879075368	4.88806260801345	3.0497193868095227	5.0	5.0	0.26252513835275365	5.0	1.6109066473135838	5.0	4.952505445227375
11:20	4.546626879075368	4.88806260801345	3.0497193868095227	5.0	5.0	0.26252513835275365	5.0	1.6109066473135838	5.0	4.952505445227375
11:25	4.546626879075368	4.88806260801345	3.0497193868095227	5.0	5.0	0.26252513835275365	5.0	1.6109066473135838	5.0	4.952505445227375
11:30	4.546626879075368	4.88806260801345	3.0497193868095227	5.0	5.0	0.26252513835275365	5.0	1.6109066473135838	5.0	4.952505445227375
11:35	4.546626879075368	4.88806260801345	3.0497193868095227	5.0	5.0	0.26252513835275365	5.0	1.6109066473135838	5.0	4.952505445227375
11:40	4.546626879075368	4.88806260801345	3.0497193868095227	5.0	5.0	0.26252513835275365	5.0	1.6109066473135838	5.0	4.952505445227375
11:45	4.546626879075368	4.88806260801345	3.0497193868095227	5.0	5.0	0.26252513835275365	5.0	1.6109066473135838	5.0	4.952505445227375
11:50	4.546626879075368	4.88806260801345	3.0497193868095227	5.0	5.0	0.26252513835275365	5.0	1.6109066473135838	5.0	4.952505445227375
11:55	4.546626879075368	4.88806260801345	3.0497193868095227	5.0	5.0	0.26252513835275365	5.0	1.6109066473135838	5.0	4.952505445227375
12:00	4.546626879075368	4.88806260801345	3.0497193868095227	5.0	5.0	0.26252513835275365	5.0	1.6109066473135838	5.0	4.952505445227375
12:05	4.546626879075368	4.88806260801345	3.0497193868095227	5.0	5.0	0.26252513835275365	5.0	1.6109066473135838	5.0	4.952505445227375
12:10	4.546626879075368	4.88806260801345	3.0497193868095227	5.0	5.0	0.26252513835275365	5.0	1.6109066473135838	5.0	4.952505445227375
12:15	4.546626879075368	4.88806260801345	3.0497193868095227	5.0	4.9117466483148196	0.26252513835275365	5.0	1.6109066473135838	5.0	4.952505445227375
12:20	4.546626879075368	4.88806260801345	3.0497193868095227	5.0	5.0	0.26252513835275365	5.0	1.6109066473135838	5.0	4.952505445227375
12:25	4.546626879075368	4.88806260801345	3.0497193868095227	5.0	5.0	0.26252513835275365	5.0	1.6109066473135838	5.0	4.952505445227375
12:30	4.546626879075368	4.88806260801345	3.0497193868095227	5.0	5.0	0.26252513835275365	5.0	1.6109066473135838	5.0	4.952505445227375
12:35	4.546626879075368	4.88806260801345	3.0497193868095227	5.0	5.0	0.26252513835275365	5.0	1.6109066473135838	5.0	4.952505445227375
12:40	4.546626879075368	4.88806260801345	3.0497193868095227	5.0	5.0	0.26252513835275365	5.0	1.6109066473135838	5.0	4.952505445227375
12:45	4.546626879075368	4.88806260801345	3.0497193868095227	5.0	5.0	0.26252513835275365	5.0	1.6109066473135838	5.0	4.952505445227375
12:50	4.546626879075368	4.88806260801345	3.0497193868095227	5.0	5.0	0.26252513835275365	5.0	1.6109066473135838	5.0	4.952505445227375
12:55	4.546626879075368	4.88806260801345	3.0497193868095227	5.0	5.0	0.26252513835275365	5.0	1.6109066473135838	5.0	4.952505445227375
13:00	4.546626879075368	4.88806260801345	3.0497193868095227	5.0	5.0	0.26252513835275365	5.0	1.6109066473135838	5.0	4.952505445227375
13:05	4.546626879075368	4.88806260801345	3.0497193868095227	5.0	5.0	0.26252513835275365	5.0	1.6109066473135838	5.0	4.952505445227375
13:10	4.546626879075368	4.88806260801345	3.0497193868095227	5.0	5.0	0.26252513835275365	5.0	1.6109066473135838	5.0	4.952505445227375
13:15	4.546626879075368	4.88806260801345	3.0497193868095227	5.0	5.0	0.26252513835275365	5.0	1.6109066473135838	5.0	4.952505445227375
13:20	4.546626879075368	4.88806260801345	3.0497193868095227	5.0	5.0	0.26252513835275365	5.0	1.6109066473135838	5.0	4.952505445227375
13:25	4.546626879075368	4.88806260801345	3.0497193868095227	5.0	5.0	0.26252513835275365	5.0	1.6109066473135838	5.0	4.952505445227375
13:30	4.546626879075368	4.88806260801345	3.0497193868095227	5.0	5.0	0.26252513835275365	5.0	1.6109066473135838	5.0	4.952505445227375
13:35	4.546626879075368	4.88806260801345	3.0497193868095227	4.120470899145971	5.0	0.26252513835275365	5.0	1.6109066473135838	4.251393307870805	4.952505445227375
13:40	4.546626879075368	4.88806260801345	3.0497193868095227	4.04827903740392	5.0	0.26252513835275365	5.0	1.6109066473135838	3.3752370229372652	4.952505445227375
13:45	4.546626879075368	4.88806260801345	3.0497193868095227	4.464945704070587	4.789341547131022	0.26252513835275365	5.0	1.6109066473135838	3.236517278437383	4.952505445227375
13:50	4.546626879075368	4.88806260801345	3.0497193868095227	4.881612370737253	3.860026532053551	0.26252513835275365	5.0	1.6109066473135838	3.65318394510405	4.952505445227375
13:55	4.546626879075368	4.88806260801345	3.0497193868095227	5.0	4.276693198720218	0.26252513835275365	5.0	1.6109066473135838	4.0698506117707165	4.952505445227375
14:00	4.546626879075368	4.88806260801345	3.0497193868095227	5.0	4.693359865386885	0.26252513835275365	5.0	1.6109066473135838	4.4865172784373835	4.952505445227375
14:05	4.546626879075368	4.88806260801345	3.0497193868095227	5.0	5.0	0.26252513835275365	5.0	1.6109066473135838	4.9031839451040495	4.952505445227375
14:10	4.546626879075368	4.88806260801345	3.0497193868095227	5.0	5.0	0.26252513835275365	5.0	1.6109066473135838	5.0	4.952505445227375
14:15	4.546626879075368	4.88806260801345	3.0497193868095227	5.0	5.0	0.26252513835275365	5.0	1.6109066473135838	5.0	4.952505445227375
14:20	4.546626879075368	4.88806260801345	3.0497193868095227	5.0	5.0	0.26252513835275365	5.0	1.6109066473135838	5.0	4.952505445227375
14:25	4.546626879075368	4.88806260801345	3.0497193868095227	5.0	5.0	0.26252513835275365	5.0	1.6109066473135838	5.0	4.952505445227375
14:30	4.546626879075368	4.88806260801345	3.0497193868095227	5.0	5.0	0.26252513835275365	5.0	1.6109066473135838	5.0	4.952505445227375
14:35	4.546626879075368	4.88806260801345	3.0497193868095227	5.0	5.0	0.26252513835275365	5.0	1.6109066473135838	5.0	4.952505445227375
14:40	4.546626879075368	4.88806260801345	3.0497193868095227	5.0	5.0	0.26252513835275365	5.0	1.6109066473135838	5.0	4.952505445227375
14:45	4.546626879075368	4.88806260801345	3.0497193868095227	5.0	5.0	0.26252513835275365	5.0	1.6109066473135838	5.0	4.952505445227375
14:50	4.546626879075368	4.88806260801345	3.0497193868095227	5.0	5.0	0.26252513835275365	5.0	1.6109066473135838	5.0	4.952505445227375
14:55	4.546626879075368	4.88806260801345	3.0497193868095227	5.0	5.0	0.26252513835275365	5.0	1.6109066473135838	5.0	4.952505445227375
15:00	4.546626879075368	4.88806260801345	3.0497193868095227	5.0	5.0	0.26252513835275365	5.0	1.6109066473135838	5.0	4.952505445227375
15:05	4.546626879075368	4.88806260801345	3.0497193868095227	5.0	5.0	0.26252513835275365	5.0	1.6109066473135838	5.0	4.952505445227375
15:10	4.546626879075368	4.88806260801345	3.0497193868095227	5.0	5.0	0.26252513835275365	5.0	1.6109066473135838	5.0	4.952505445227375
15:15	4.546626879075368	4.88806260801345	3.0497193868095227	5.0	5.0	0.26252513835275365	5.0	1.6109066473135838	4.511545505294393	4.952505445227375
15:20	4.546626879075368	4.88806260801345	3.0497193868095227	5.0	4.930626912157683	0.26252513835275365	5.0	1.6109066473135838	3.6320923033721466	4.952505445227375
15:25	4.546626879075368	4.88806260801345	3.0497193868095227	5.0	4.064876364294947	0.26252513835275365	5.0	1.6109066473135838	3.0851216070188787	4.952505445227375
15:30	4.546626879075368	4.88806260801345	3.0497193868095227	5.0	4.295255890832978	0.26252513835275365	5.0	1.6109066473135838	3.5017882736855457	4.952505445227375
15:35	4.546626879075368	4.88806260801345	3.0497193868095227	5.0	4.711922557499645	0.26252513835275365	5.0	1.6109066473135838	3.918454940352212	4.952505445227375
15:40	4.546626879075368	4.88806260801345	3.0497193868095227	5.0	5.0	0.26252513835275365	5.0	1.6109066473135838	4.335121607018879	4.952505445227375
15:45	4.546626879075368	4.88806260801345	3.0497193868095227	5.0	5.0	0.26252513835275365	5.0	1.6109066473135838	4.751788273685546	4.952505445227375
15:50	4.546626879075368	4.88806260801345	3.0497193868095227	5.0	5.0	0.26252513835275365	5.0	1.6109066473135838	5.0	4.952505445227375
15:55	4.546626879075368	4.88806260801345	3.0497193868095227	5.0	5.0	0.26252513835275365	5.0	1.6109066473135838	5.0	4.952505445227375
16:00	4.546626879075368	4.88806260801345	3.0497193868095227	5.0	5.0	0.26252513835275365	5.0	1.6109066473135838	5.0	4.952505445227375
16:05	4.546626879075368	4.88806260801345	3.0497193868095227	5.0	5.0	0.26252513835275365	5.0	1.6109066473135838	5.0	4.952505445227375
16:10	4.546626879075368	4.88806260801345	3.0497193868095227	5.0	5.0	0.26252513835275365	5.0	1.6109066473135838	5.0	4.952505445227375
16:15	4.546626879075368	4.88806260801345	3.0497193868095227	5.0	5.0	0.26252513835275365	5.0	1.6109066473135838	5.0	4.952505445227375
16:20	4.546626879075368	4.88806260801345	3.0497193868095227	5.0	5.0	0.26252513835275365	5.0	1.6109066473135838	5.0	4.952505445227375
16:25	4.546626879075368	4.88806260801345	3.0497193868095227	5.0	5.0	0.26252513835275365	5.0	1.6109066473135838	5.0	4.952505445227375
16:30	4.546626879075368	4.88806260801345	3.0497193868095227	5.0	5.0	0.26252513835275365	5.0	1.6109066473135838	5.0	4.952505445227375
16:35	4.546626879075368	4.88806260801345	3.0497193868095227	5.0	5.0	0.26252513835275365	5.0	1.6109066473135838	5.0	4.952505445227375
16:40	4.546626879075368	4.88806260801345	3.0497193868095227	5.0	5.0	0.26252513835275365	5.0	1.6109066473135838	5.0	4.952505445227375
16:45	4.546626879075368	4.88806260801345	3.0497193868095227	5.0	5.0	0.26252513835275365	5.0	1.6109066473135838	5.0	4.952505445227375
16:50	4.546626879075368	4.88806260801345	3.0497193868095227	5.0	5.0	0.26252513835275365	5.0	1.6109066473135838	5.0	4.952505445227375
16:55	4.546626879075368	4.88806260801345	3.0497193868095227	5.0	5.0	0.26252513835275365	5.0	1.6109066473135838	4.798149351128746	4.952505445227375
17:00	4.546626879075368	4.88806260801345	3.0497193868095227	5.0	4.146711700542288	0.26252513835275365	5.0	1.6109066473135838	3.9729490121374886	4.952505445227375
17:05	4.546626879075368	4.88806260801345	3.0497193868095227	5.0	4.34946376651332	0.26252513835275365	5.0	1.6109066473135838	3.0236631215500855	4.952505445227375
17:10	4.546626879075368	4.88806260801345	3.0497193868095227	5.0	4.7661304331799865	0.26252513835275365	5.0	1.6109066473135838	3.3504525056474455	4.952505445227375
17:15	4.546626879075368	4.88806260801345	3.0497193868095227	5.0	5.0	0.26252513835275365	5.0	1.6109066473135838	3.767119172314112	4.952505445227375
17:20	4.546626879075368	4.88806260801345	3.0497193868095227	5.0	5.0	0.26252513835275365	5.0	1.6109066473135838	4.1837858389807785	4.952505445227375
17:25	4.546626879075368	4.88806260801345	3.0497193868095227	5.0	5.0	0.26252513835275365	5.0	1.6109066473135838	4.6004525056474455	4.952505445227375
17:30	4.546626879075368	4.88806260801345	3.0497193868095227	5.0	5.0	0.26252513835275365	5.0	1.6109066473135838	5.0	4.952505445227375
17:35	4.546626879075368	4.88806260801345	3.0497193868095227	5.0	5.0	0.26252513835275365	5.0	1.6109066473135838	5.0	4.952505445227375
17:40	4.546626879075368	4.88806260801345	3.0497193868095227	5.0	5.0	0.26252513835275365	5.0	1.6109066473135838	5.0	4.952505445227375
17:45	4.546626879075368	4.88806260801345	3.0497193868095227	5.0	5.0	0.26252513835275365	5.0	1.6109066473135838	5.0	4.952505445227375
17:50	4.546626879075368	4.88806260801345	3.0497193868095227	5.0	5.0	0.26252513835275365	5.0	1.6109066473135838	5.0	4.952505445227375
17:55	4.546626879075368	4.88806260801345	3.0497193868095227	5.0	5.0	0.26252513835275365	5.0	1.6109066473135838	5.0	4.952505445227375
18:00	4.546626879075368	4.88806260801345	3.0497193868095227	5.0	5.0	0.26252513835275365	5.0	1.6109066473135838	5.0	4.952505445227375
18:05	3.7467478331869994	4.162761180672285	1.9790840569196921	5.0	5.0	0.0	5.0	0.6931419365437748	5.0	3.9043292189396968
18:10	4.163414499853666	4.579427847338951	1.660683952573483	4.481587097833698	5.0	0.0	5.0	0.12610071236741838	5.0	3.112003513568837
18:15	4.5800811665203325	4.996094514005618	1.660683952573483	4.428808048490868	5.0	0.0	5.0	0.12610071236741838	5.0	3.112003513568837
18:20	4.996747833186999	5.0	1.660683952573483	4.845474715157534	5.0	0.0	5.0	0.12610071236741838	5.0	3.112003513568837
18:25	5.0	5.0	1.660683952573483	5.0	5.0	0.0	5.0	0.12610071236741838	5.0	3.112003513568837
18:30	5.0	5.0	1.660683952573483	5.0	5.0	0.0	5.0	0.12610071236741838	5.0	3.112003513568837
18:35	5.0	5.0	1.660683952573483	5.0	5.0	0.0	5.0	0.12610071236741838	5.0	3.112003513568837
18:40	5.0	5.0	1.660683952573483	5.0	5.0	0.0	5.0	0.12610071236741838	4.004431385922227	3.112003513568837
18:45	5.0	5.0	1.660683952573483	5.0	5.0	0.0	5.0	0.12610071236741838	2.9683426106287296	3.112003513568837
18:50	5.0	5.0	1.660683952573483	5.0	5.0	0.0	5.0	0.12610071236741838	2.5113440968227962	3.112003513568837
18:55	5.0	5.0	1.660683952573483	5.0	5.0	0.0	5.0	0.12610071236741838	2.9280107634894628	3.112003513568837
19:00	5.0	5.0	1.660683952573483	5.0	5.0	0.0	5.0	0.12610071236741838	3.3446774301561293	3.112003513568837
19:05	5.0	5.0	1.660683952573483	5.0	5.0	0.0	5.0	0.12610071236741838	3.7613440968227962	3.112003513568837
19:10	5.0	5.0	1.660683952573483	5.0	5.0	0.0	5.0	0.12610071236741838	4.178010763489462	3.112003513568837
19:15	5.0	5.0	1.660683952573483	5.0	5.0	0.0	5.0	0.12610071236741838	4.594677430156129	3.112003513568837
19:20	5.0	5.0	1.660683952573483	5.0	5.0	0.0	5.0	0.12610071236741838	5.0	3.112003513568837
19:25	5.0	5.0	1.660683952573483	5.0	5.0	0.0	5.0	0.12610071236741838	5.0	3.112003513568837
19:30	5.0	5.0	1.660683952573483	5.0	5.0	0.0	5.0	0.12610071236741838	5.0	3.112003513568837
19:35	4.9027781877810455	4.899227091835749	1.660683952573483	5.0	5.0	0.0	5.0	0.12610071236741838	5.0	3.112003513568837
19:40	4.9027781877810455	4.729647453341244	1.660683952573483	5.0	5.0	0.0	5.0	0.12610071236741838	5.0	3.112003513568837
19:45	4.9027781877810455	4.729647453341244	1.660683952573483	4.497885771491139	5.0	0.0	5.0	0.12610071236741838	5.0	3.112003513568837
19:50	4.9027781877810455	4.729647453341244	1.660683952573483	3.8812889567840574	5.0	0.0	5.0	0.12610071236741838	5.0	3.112003513568837
19:55	4.9027781877810455	4.729647453341244	1.660683952573483	4.297955623450724	5.0	0.0	5.0	0.12610071236741838	5.0	3.112003513568837
20:00	4.9027781877810455	4.729647453341244	1.660683952573483	4.714622290117391	5.0	0.0	5.0	0.12610071236741838	5.0	3.112003513568837
20:05	4.9027781877810455	4.729647453341244	1.660683952573483	5.0	4.928048356713519	0.0	5.0	0.12610071236741838	5.0	3.112003513568837
20:10	4.9027781877810455	4.729647453341244	1.660683952573483	5.0	5.0	0.0	5.0	0.12610071236741838	5.0	3.112003513568837
20:15	4.9027781877810455	4.729647453341244	1.660683952573483	5.0	5.0	0.0	5.0	0.12610071236741838	5.0	3.112003513568837
20:20	4.9027781877810455	4.729647453341244	1.660683952573483	5.0	5.0	0.0	5.0	0.12610071236741838	4.733910319507531	3.112003513568837
20:25	4.9027781877810455	4.729647453341244	1.660683952573483	5.0	5.0	0.0	5.0	0.12610071236741838	3.8503513083881122	3.112003513568837
20:30	4.9027781877810455	4.729647453341244	1.660683952573483	5.0	5.0	0.0	5.0	0.12610071236741838	2.726133230684252	3.112003513568837
20:35	4.9027781877810455	4.729647453341244	1.660683952573483	5.0	5.0	0.0	5.0	0.12610071236741838	3.142799897350919	3.112003513568837
20:40	4.9027781877810455	4.729647453341244	1.660683952573483	5.0	5.0	0.0	5.0	0.12610071236741838	3.5594665640175855	3.112003513568837
20:45	4.9027781877810455	4.729647453341244	1.660683952573483	5.0	5.0	0.0	5.0	0.12610071236741838	3.976133230684252	3.112003513568837
20:50	4.9027781877810455	4.729647453341244	1.660683952573483	5.0	5.0	0.0	5.0	0.12610071236741838	4.392799897350919	3.112003513568837
20:55	4.9027781877810455	4.729647453341244	1.660683952573483	5.0	5.0	0.0	5.0	0.12610071236741838	4.809466564017586	3.112003513568837
21:00	4.9027781877810455	4.729647453341244	1.660683952573483	5.0	5.0	0.0	5.0	0.12610071236741838	5.0	3.112003513568837
21:05	4.9027781877810455	4.729647453341244	1.660683952573483	5.0	5.0	0.0	5.0	0.12610071236741838	5.0	3.112003513568837
21:10	4.9027781877810455	4.729647453341244	1.660683952573483	5.0	5.0	0.0	4.892370412797595	0.12610071236741838	5.0	3.112003513568837
21:15	4.9027781877810455	4.729647453341244	1.660683952573483	5.0	5.0	0.0	4.174526438026356	0.12610071236741838	5.0	3.112003513568837
21:20	4.9027781877810455	4.729647453341244	1.660683952573483	4.783079894262166	5.0	0.0	4.416341784058291	0.12610071236741838	5.0	3.112003513568837
21:25	4.9027781877810455	4.729647453341244	1.660683952573483	4.2681689646118945	5.0	0.0	4.833008450724958	0.12610071236741838	5.0	3.112003513568837
21:30	4.9027781877810455	4.729647453341244	1.660683952573483	4.684835631278561	5.0	0.0	5.0	0.12610071236741838	5.0	3.112003513568837
21:35	4.9027781877810455	4.729647453341244	1.660683952573483	5.0	4.856703685078416	0.0	5.0	0.12610071236741838	5.0	3.112003513568837
21:40	4.9027781877810455	4.729647453341244	1.660683952573483	5.0	5.0	0.0	5.0	0.12610071236741838	5.0	3.112003513568837
21:45	4.9027781877810455	4.729647453341244	1.660683952573483	5.0	5.0	0.0	5.0	0.12610071236741838	5.0	3.112003513568837
21:50	4.9027781877810455	4.729647453341244	1.660683952573483	5.0	5.0	0.0	5.0	0.12610071236741838	5.0	3.112003513568837
21:55	4.9027781877810455	4.729647453341244	1.660683952573483	5.0	5.0	0.0	5.0	0.12610071236741838	5.0	3.112003513568837
22:00	4.9027781877810455	4.729647453341244	1.660683952573483	5.0	5.0	0.0	5.0	0.12610071236741838	4.9870625861079425	3.112003513568837
22:05	4.9027781877810455	4.729647453341244	1.660683952573483	5.0	5.0	0.0	5.0	0.12610071236741838	4.071353650261191	3.112003513568837
22:10	4.9027781877810455	4.729647453341244	1.660683952573483	5.0	5.0	0.0	5.0	0.12610071236741838	3.207395360543446	3.112003513568837
22:15	4.9027781877810455	4.729647453341244	1.660683952573483	5.0	5.0	0.0	5.0	0.12610071236741838	3.197822180206814	3.112003513568837
22:20	4.9027781877810455	4.729647453341244	1.660683952573483	5.0	5.0	0.0	5.0	0.12610071236741838	3.614488846873481	3.112003513568837
22:25	4.9027781877810455	4.729647453341244	1.660683952573483	5.0	5.0	0.0	5.0	0.12610071236741838	4.031155513540147	3.112003513568837
22:30	4.9027781877810455	4.729647453341244	1.660683952573483	5.0	5.0	0.0	5.0	0.12610071236741838	4.447822180206814	3.112003513568837
22:35	4.9027781877810455	4.729647453341244	1.660683952573483	5.0	5.0	0.0	5.0	0.12610071236741838	4.86448884687348	3.112003513568837
22:40	4.9027781877810455	4.729647453341244	1.660683952573483	5.0	5.0	0.0	5.0	0.12610071236741838	5.0	3.112003513568837
22:45	4.9027781877810455	4.729647453341244	1.660683952573483	5.0	5.0	0.0	5.0	0.12610071236741838	5.0	3.112003513568837
22:50	4.9027781877810455	4.729647453341244	1.660683952573483	5.0	5.0	0.0	4.958740403160159	0.12610071236741838	5.0	3.112003513568837
22:55	4.9027781877810455	4.729647453341244	1.660683952573483	4.822562272881669	5.0	0.0	5.0	0.12610071236741838	5.0	3.112003513568837
23:00	4.9027781877810455	4.729647453341244	1.660683952573483	4.646597508321552	5.0	0.0	5.0	0.12610071236741838	5.0	3.112003513568837
23:05	4.9027781877810455	4.729647453341244	1.660683952573483	5.0	4.961062184338699	0.0	5.0	0.12610071236741838	5.0	3.112003513568837
23:10	4.9027781877810455	4.729647453341244	1.660683952573483	5.0	4.368641172962809	0.0	5.0	0.12610071236741838	5.0	3.112003513568837
23:15	4.9027781877810455	4.729647453341244	1.660683952573483	5.0	4.785307839629477	0.0	5.0	0.12610071236741838	5.0	3.112003513568837
23:20	4.9027781877810455	4.729647453341244	1.660683952573483	5.0	5.0	0.0	5.0	0.12610071236741838	5.0	3.112003513568837
23:25	4.9027781877810455	4.729647453341244	1.660683952573483	5.0	5.0	0.0	5.0	0.12610071236741838	5.0	3.112003513568837
23:30	4.9027781877810455	4.729647453341244	1.660683952573483	5.0	5.0	0.0	5.0	0.12610071236741838	5.0	3.112003513568837
23:35	4.9027781877810455	4.729647453341244	1.660683952573483	5.0	5.0	0.0	5.0	0.12610071236741838	5.0	3.112003513568837
23:40	4.9027781877810455	4.729647453341244	1.660683952573483	5.0	5.0	0.0	5.0	0.12610071236741838	5.0	3.112003513568837
23:45	4.9027781877810455	4.729647453341244	1.660683952573483	5.0	5.0	0.0	5.0	0.12610071236741838	5.0	3.112003513568837
23:50	4.9027781877810455	4.729647453341244	1.660683952573483	5.0	5.0	0.0	5.0	0.12610071236741838	5.0	3.112003513568837
23:55	4.9027781877810455	4.729647453341244	1.660683952573483	5.0	5.0	0.0	5.0	0.12610071236741838	5.0	3.112003513568837
24:00	4.9027781877810455	4.729647453341244	1.660683952573483	5.0	5.0	0.0	5.0	0.12610071236741838	5.0	3.112003513568837
