time	1	2	3	4	5	6	7	8	9	10
00:00	4.9027781877810455	2.312939484030871	1.660683952573483	2.214041511880304	2.413157356791083	1.542588024915064	5.0	2.5502106250426824	5.0	5.0
00:05	4.9027781877810455	2.312939484030871	1.660683952573483	2.214041511880304	2.413157356791083	1.542588024915064	5.0	2.5502106250426824	5.0	5.0
00:10	4.9027781877810455	2.312939484030871	1.660683952573483	2.214041511880304	2.413157356791083	1.542588024915064	5.0	2.5502106250426824	5.0	5.0
00:15	4.9027781877810455	2.312939484030871	1.660683952573483	2.214041511880304	2.413157356791083	1.542588024915064	5.0	2.5502106250426824	5.0	5.0
00:20	4.9027781877810455	2.312939484030871	1.660683952573483	2.214041511880304	2.413157356791083	1.542588024915064	5.0	2.5502106250426824	5.0	5.0
00:25	4.9027781877810455	2.312939484030871	1.660683952573483	2.214041511880304	2.413157356791083	1.542588024915064	5.0	2.5502106250426824	5.0	5.0
00:30	4.9027781877810455	2.312939484030871	1.660683952573483	2.214041511880304	2.413157356791083	1.542588024915064	5.0	2.5502106250426824	5.0	5.0
00:35	4.9027781877810455	2.312939484030871	1.660683952573483	2.214041511880304	2.413157356791083	1.542588024915064	5.0	2.5502106250426824	5.0	5.0
00:40	4.9027781877810455	2.312939484030871	1.660683952573483	2.214041511880304	2.413157356791083	1.542588024915064	5.0	2.5502106250426824	5.0	5.0
00:45	4.9027781877810455	2.312939484030871	1.660683952573483	2.214041511880304	2.413157356791083	1.542588024915064	5.0	2.5502106250426824	5.0	5.0
00:50	4.9027781877810455	2.312939484030871	1.660683952573483	2.214041511880304	2.413157356791083	1.542588024915064	5.0	2.5502106250426824	5.0	5.0
00:55	4.9027781877810455	2.312939484030871	1.660683952573483	2.214041511880304	2.413157356791083	1.542588024915064	5.0	2.5502106250426824	5.0	5.0
01:00	4.9027781877810455	2.312939484030871	1.660683952573483	2.214041511880304	2.413157356791083	1.542588024915064	5.0	2.5502106250426824	5.0	5.0
01:05	4.9027781877810455	2.312939484030871	1.660683952573483	2.214041511880304	2.413157356791083	1.542588024915064	5.0	2.5502106250426824	5.0	5.0
01:10	4.9027781877810455	2.312939484030871	1.660683952573483	2.214041511880304	2.413157356791083	1.542588024915064	5.0	2.5502106250426824	5.0	5.0
01:15	4.9027781877810455	2.312939484030871	1.660683952573483	2.214041511880304	2.413157356791083	1.542588024915064	5.0	2.5502106250426824	5.0	5.0
01:20	4.9027781877810455	2.312939484030871	1.660683952573483	2.214041511880304	2.413157356791083	1.542588024915064	5.0	2.5502106250426824	5.0	5.0
01:25	4.9027781877810455	2.312939484030871	1.660683952573483	2.214041511880304	2.413157356791083	1.542588024915064	5.0	2.5502106250426824	5.0	5.0
01:30	4.9027781877810455	2.312939484030871	1.660683952573483	2.214041511880304	2.413157356791083	1.542588024915064	5.0	2.5502106250426824	5.0	5.0
01:35	4.9027781877810455	2.312939484030871	1.660683952573483	2.214041511880304	2.413157356791083	1.542588024915064	5.0	2.5502106250426824	5.0	5.0
01:40	4.9027781877810455	2.312939484030871	1.660683952573483	2.214041511880304	2.413157356791083	1.542588024915064	5.0	2.5502106250426824	5.0	5.0
01:45	4.9027781877810455	2.312939484030871	1.660683952573483	2.214041511880304	2.413157356791083	1.542588024915064	5.0	2.5502106250426824	5.0	5.0
01:50	4.9027781877810455	2.312939484030871	1.660683952573483	2.214041511880304	2.413157356791083	1.542588024915064	5.0	2.5502106250426824	5.0	5.0
01:55	4.9027781877810455	2.312939484030871	1.660683952573483	2.214041511880304	2.413157356791083	1.542588024915064	5.0	2.5502106250426824	5.0	5.0
02:00	4.9027781877810455	2.312939484030871	1.660683952573483	2.214041511880304	2.413157356791083	1.542588024915064	5.0	2.5502106250426824	5.0	5.0
02:05	4.9027781877810455	2.312939484030871	1.660683952573483	2.214041511880304	2.413157356791083	1.542588024915064	5.0	2.5502106250426824	5.0	5.0
02:10	4.9027781877810455	2.312939484030871	1.660683952573483	2.214041511880304	2.413157356791083	1.542588024915064	5.0	2.5502106250426824	5.0	5.0
02:15	4.9027781877810455	2.312939484030871	1.660683952573483	2.214041511880304	2.413157356791083	1.542588024915064	5.0	2.5502106250426824	5.0	5.0
02:20	4.9027781877810455	2.312939484030871	1.660683952573483	2.214041511880304	2.413157356791083	1.542588024915064	5.0	2.5502106250426824	5.0	5.0
02:25	4.9027781877810455	2.312939484030871	1.660683952573483	2.214041511880304	2.413157356791083	1.542588024915064	5.0	2.5502106250426824	5.0	5.0
02:30	4.9027781877810455	2.312939484030871	1.660683952573483	2.214041511880304	2.413157356791083	1.542588024915064	5.0	2.5502106250426824	5.0	5.0
02:35	4.9027781877810455	2.312939484030871	1.660683952573483	2.214041511880304	2.413157356791083	1.542588024915064	5.0	2.5502106250426824	5.0	5.0
02:40	4.9027781877810455	2.312939484030871	1.660683952573483	2.214041511880304	2.413157356791083	1.542588024915064	5.0	2.5502106250426824	5.0	5.0
02:45	4.9027781877810455	2.312939484030871	1.660683952573483	2.214041511880304	2.413157356791083	1.542588024915064	5.0	2.5502106250426824	5.0	5.0
02:50	4.9027781877810455	2.312939484030871	1.660683952573483	2.214041511880304	2.413157356791083	1.542588024915064	5.0	2.5502106250426824	5.0	5.0
02:55	4.9027781877810455	2.312939484030871	1.660683952573483	2.214041511880304	2.413157356791083	1.542588024915064	5.0	2.5502106250426824	5.0	5.0
03:00	4.9027781877810455	2.312939484030871	1.660683952573483	2.214041511880304	2.413157356791083	1.542588024915064	5.0	2.5502106250426824	5.0	5.0
03:05	4.9027781877810455	2.312939484030871	1.660683952573483	2.214041511880304	2.413157356791083	1.542588024915064	5.0	2.5502106250426824	5.0	5.0
03:10	4.9027781877810455	2.312939484030871	1.660683952573483	2.214041511880304	2.413157356791083	1.542588024915064	5.0	2.5502106250426824	5.0	5.0
03:15	4.9027781877810455	2.312939484030871	1.660683952573483	2.214041511880304	2.413157356791083	1.542588024915064	5.0	2.5502106250426824	5.0	5.0
03:20	4.9027781877810455	2.312939484030871	1.660683952573483	2.214041511880304	2.413157356791083	1.542588024915064	5.0	2.5502106250426824	5.0	5.0
03:25	4.9027781877810455	2.312939484030871	1.660683952573483	2.214041511880304	2.413157356791083	1.542588024915064	5.0	2.5502106250426824	5.0	5.0
03:30	4.9027781877810455	2.312939484030871	1.660683952573483	2.214041511880304	2.413157356791083	1.542588024915064	5.0	2.5502106250426824	5.0	5.0
03:35	4.9027781877810455	2.312939484030871	1.660683952573483	2.214041511880304	2.413157356791083	1.542588024915064	5.0	2.5502106250426824	5.0	5.0
03:40	4.9027781877810455	2.312939484030871	1.660683952573483	2.214041511880304	2.413157356791083	1.542588024915064	5.0	2.5502106250426824	5.0	5.0
03:45	4.9027781877810455	2.312939484030871	1.660683952573483	2.214041511880304	2.413157356791083	1.542588024915064	5.0	2.5502106250426824	5.0	5.0
03:50	4.9027781877810455	2.312939484030871	1.660683952573483	2.214041511880304	2.413157356791083	1.542588024915064	5.0	2.5502106250426824	5.0	5.0
03:55	4.9027781877810455	2.312939484030871	1.660683952573483	2.214041511880304	2.413157356791083	1.542588024915064	5.0	2.5502106250426824	5.0	5.0
04:00	4.9027781877810455	2.312939484030871	1.660683952573483	2.214041511880304	2.413157356791083	1.542588024915064	5.0	2.5502106250426824	5.0	5.0
04:05	4.9027781877810455	2.312939484030871	1.660683952573483	2.214041511880304	2.413157356791083	1.542588024915064	5.0	2.5502106250426824	5.0	5.0
04:10	4.9027781877810455	2.312939484030871	1.660683952573483	2.214041511880304	2.413157356791083	1.542588024915064	5.0	2.5502106250426824	5.0	5.0
04:15	4.9027781877810455	2.312939484030871	1.660683952573483	2.214041511880304	2.413157356791083	1.542588024915064	5.0	2.5502106250426824	5.0	5.0
04:20	4.9027781877810455	2.312939484030871	1.660683952573483	2.214041511880304	2.413157356791083	1.542588024915064	5.0	2.5502106250426824	5.0	5.0
04:25	4.9027781877810455	2.312939484030871	1.660683952573483	2.214041511880304	2.413157356791083	1.542588024915064	5.0	2.5502106250426824	5.0	5.0
04:30	4.9027781877810455	2.312939484030871	1.660683952573483	2.214041511880304	2.413157356791083	1.542588024915064	5.0	2.5502106250426824	5.0	5.0
04:35	4.9027781877810455	2.312939484030871	1.660683952573483	2.214041511880304	2.413157356791083	1.542588024915064	5.0	2.5502106250426824	5.0	5.0
04:40	4.9027781877810455	2.312939484030871	1.660683952573483	2.214041511880304	2.413157356791083	1.542588024915064	5.0	2.5502106250426824	5.0	5.0
04:45	4.9027781877810455	2.312939484030871	1.660683952573483	2.214041511880304	2.413157356791083	1.542588024915064	5.0	2.5502106250426824	5.0	5.0
04:50	4.9027781877810455	2.312939484030871	1.660683952573483	2.214041511880304	2.413157356791083	1.542588024915064	5.0	2.5502106250426824	5.0	5.0
04:55	4.9027781877810455	2.312939484030871	1.660683952573483	2.214041511880304	2.413157356791083	1.542588024915064	5.0	2.5502106250426824	5.0	5.0
05:00	4.9027781877810455	2.312939484030871	1.660683952573483	2.214041511880304	2.413157356791083	1.542588024915064	5.0	2.5502106250426824	5.0	5.0
05:05	4.9027781877810455	2.312939484030871	1.660683952573483	2.214041511880304	2.413157356791083	1.542588024915064	5.0	2.5502106250426824	5.0	5.0
05:10	4.9027781877810455	2.312939484030871	1.660683952573483	2.214041511880304	2.413157356791083	1.542588024915064	5.0	2.5502106250426824	5.0	5.0
05:15	4.9027781877810455	2.312939484030871	1.660683952573483	2.214041511880304	2.413157356791083	1.542588024915064	5.0	2.5502106250426824	5.0	5.0
05:20	4.9027781877810455	2.312939484030871	1.660683952573483	2.214041511880304	2.413157356791083	1.542588024915064	5.0	2.5502106250426824	5.0	5.0
05:25	4.9027781877810455	2.312939484030871	1.660683952573483	2.214041511880304	2.413157356791083	1.542588024915064	5.0	2.5502106250426824	5.0	5.0
05:30	4.9027781877810455	2.312939484030871	1.660683952573483	2.214041511880304	2.413157356791083	1.542588024915064	5.0	2.5502106250426824	5.0	5.0
05:35	4.9027781877810455	2.312939484030871	1.660683952573483	2.214041511880304	2.413157356791083	1.542588024915064	5.0	2.5502106250426824	5.0	5.0
05:40	4.9027781877810455	2.312939484030871	1.660683952573483	2.214041511880304	2.413157356791083	1.542588024915064	5.0	2.5502106250426824	5.0	5.0
05:45	4.9027781877810455	2.312939484030871	1.660683952573483	2.214041511880304	2.413157356791083	1.542588024915064	5.0	2.5502106250426824	5.0	5.0
05:50	4.9027781877810455	2.312939484030871	1.660683952573483	2.214041511880304	2.413157356791083	1.542588024915064	5.0	2.5502106250426824	5.0	5.0
05:55	4.9027781877810455	2.312939484030871	1.660683952573483	2.214041511880304	2.413157356791083	1.542588024915064	5.0	2.5502106250426824	5.0	5.0
06:00	4.9027781877810455	2.312939484030871	1.660683952573483	2.214041511880304	2.413157356791083	1.542588024915064	5.0	2.5502106250426824	5.0	5.0
06:05	4.9027781877810455	2.312939484030871	1.660683952573483	2.214041511880304	2.413157356791083	1.542588024915064	5.0	2.5502106250426824	5.0	5.0
06:10	4.9027781877810455	2.312939484030871	1.660683952573483	2.214041511880304	2.413157356791083	1.542588024915064	5.0	2.5502106250426824	5.0	5.0
06:15	4.9027781877810455	2.312939484030871	1.660683952573483	2.214041511880304	2.413157356791083	1.542588024915064	5.0	2.5502106250426824	5.0	5.0
06:20	4.9027781877810455	2.312939484030871	1.660683952573483	2.214041511880304	2.413157356791083	1.542588024915064	5.0	2.5502106250426824	5.0	5.0
06:25	4.9027781877810455	2.312939484030871	1.660683952573483	2.214041511880304	2.413157356791083	1.542588024915064	5.0	2.5502106250426824	5.0	5.0
06:30	4.9027781877810455	2.312939484030871	1.660683952573483	2.214041511880304	2.413157356791083	1.542588024915064	5.0	2.5502106250426824	5.0	5.0
06:35	4.9027781877810455	2.312939484030871	1.660683952573483	2.214041511880304	2.413157356791083	1.542588024915064	5.0	2.5502106250426824	5.0	5.0
06:40	4.9027781877810455	2.312939484030871	1.660683952573483	2.214041511880304	2.413157356791083	1.542588024915064	5.0	2.5502106250426824	5.0	5.0
06:45	4.9027781877810455	2.312939484030871	1.660683952573483	2.214041511880304	2.413157356791083	1.542588024915064	5.0	2.5502106250426824	5.0	5.0
06:50	4.9027781877810455	2.312939484030871	1.660683952573483	2.214041511880304	2.413157356791083	1.542588024915064	5.0	2.5502106250426824	5.0	5.0
06:55	4.9027781877810455	2.312939484030871	1.660683952573483	2.214041511880304	2.413157356791083	1.542588024915064	5.0	2.5502106250426824	5.0	5.0
07:00	4.9027781877810455	2.312939484030871	1.660683952573483	2.214041511880304	2.413157356791083	1.542588024915064	5.0	2.5502106250426824	5.0	5.0
07:05	4.9027781877810455	2.312939484030871	1.660683952573483	2.214041511880304	2.413157356791083	1.542588024915064	5.0	2.5502106250426824	5.0	5.0
07:10	4.9027781877810455	2.312939484030871	1.660683952573483	2.214041511880304	2.413157356791083	1.542588024915064	5.0	2.5502106250426824	5.0	5.0
07:15	4.9027781877810455	2.312939484030871	1.660683952573483	2.214041511880304	2.413157356791083	1.542588024915064	5.0	2.5502106250426824	5.0	5.0
07:20	4.9027781877810455	2.312939484030871	1.660683952573483	2.214041511880304	2.413157356791083	1.542588024915064	5.0	2.5502106250426824	5.0	5.0
07:25	4.9027781877810455	2.312939484030871	1.660683952573483	2.214041511880304	2.413157356791083	1.542588024915064	5.0	2.5502106250426824	5.0	5.0
07:30	4.9027781877810455	2.312939484030871	1.660683952573483	2.214041511880304	2.413157356791083	1.542588024915064	5.0	2.5502106250426824	5.0	5.0
07:35	4.9027781877810455	2.312939484030871	1.660683952573483	2.214041511880304	2.413157356791083	1.542588024915064	5.0	2.5502106250426824	5.0	5.0
07:40	4.9027781877810455	2.312939484030871	1.660683952573483	2.214041511880304	2.413157356791083	1.542588024915064	5.0	2.5502106250426824	5.0	5.0
07:45	4.9027781877810455	2.312939484030871	1.660683952573483	2.214041511880304	2.413157356791083	1.542588024915064	5.0	2.5502106250426824	5.0	5.0
07:50	4.9027781877810455	2.312939484030871	1.660683952573483	2.214041511880304	2.413157356791083	1.542588024915064	5.0	2.5502106250426824	5.0	5.0
07:55	4.9027781877810455	2.312939484030871	1.660683952573483	2.214041511880304	2.413157356791083	1.542588024915064	5.0	2.5502106250426824	5.0	5.0
08:00	4.9027781877810455	2.312939484030871	1.660683952573483	2.214041511880304	2.413157356791083	1.542588024915064	5.0	2.5502106250426824	5.0	5.0
08:05	4.9027781877810455	2.312939484030871	1.660683952573483	2.214041511880304	2.413157356791083	1.542588024915064	5.0	2.5502106250426824	5.0	5.0
08:10	4.9027781877810455	2.312939484030871	1.660683952573483	2.214041511880304	2.413157356791083	1.542588024915064	5.0	2.5502106250426824	5.0	5.0
08:15	4.9027781877810455	2.312939484030871	1.660683952573483	2.214041511880304	2.413157356791083	1.542588024915064	5.0	2.5502106250426824	5.0	5.0
08:20	4.9027781877810455	2.312939484030871	1.660683952573483	2.214041511880304	2.413157356791083	1.542588024915064	5.0	2.5502106250426824	5.0	5.0
08:25	4.9027781877810455	2.312939484030871	1.660683952573483	2.214041511880304	2.413157356791083	1.542588024915064	5.0	2.5502106250426824	5.0	5.0
08:30	4.9027781877810455	2.312939484030871	1.660683952573483	2.214041511880304	2.413157356791083	1.542588024915064	5.0	2.5502106250426824	5.0	5.0
08:35	4.9027781877810455	2.312939484030871	1.660683952573483	2.214041511880304	2.413157356791083	1.542588024915064	5.0	2.5502106250426824	5.0	5.0
08:40	4.9027781877810455	2.312939484030871	1.660683952573483	2.214041511880304	2.413157356791083	1.542588024915064	5.0	2.5502106250426824	5.0	5.0
08:45	4.9027781877810455	2.312939484030871	1.660683952573483	2.214041511880304	2.413157356791083	1.542588024915064	5.0	2.5502106250426824	5.0	5.0
08:50	4.9027781877810455	2.312939484030871	1.660683952573483	2.214041511880304	2.413157356791083	1.542588024915064	5.0	2.5502106250426824	5.0	5.0
08:55	4.9027781877810455	2.312939484030871	1.660683952573483	2.214041511880304	2.413157356791083	1.542588024915064	5.0	2.5502106250426824	5.0	5.0
09:00	4.9027781877810455	2.312939484030871	1.660683952573483	2.214041511880304	2.413157356791083	1.542588024915064	5.0	2.5502106250426824	5.0	5.0
09:05	4.134616130621013	1.5583627801914464	1.653980254953458	2.6182790620900596	1.752239707054124	0.5429625009126705	4.322297238807789	1.6361220068808162	5.0	5.0
09:10	4.36489557461577	1.3156788852675465	2.0706469216201246	3.0349457287567265	1.409386417777359	0.38143990517054815	3.9890071195735266	1.6109066473135853	5.0	5.0
09:15	4.781562241282436	1.3156788852675465	2.4873135882867916	3.451612395423393	1.8260530844440257	0.7981065718372148	4.405673786240193	1.6109066473135853	5.0	5.0
09:20	5.0	1.3156788852675465	2.903980254953458	3.8682790620900596	2.2427197511106924	1.2147732385038814	4.82234045290686	1.6109066473135853	5.0	5.0
09:25	5.0	1.3156788852675465	3.3206469216201246	4.2849457287567265	2.6593864177773594	1.6314399051705482	5.0	1.6109066473135853	5.0	5.0
09:30	5.0	1.3156788852675465	3.7373135882867916	4.7016123954233935	3.076053084444026	2.0481065718372147	5.0	1.6109066473135853	5.0	5.0
09:35	5.0	1.3156788852675465	4.153980254953458	5.0	3.4927197511106924	2.464773238503881	5.0	1.6109066473135853	5.0	5.0
09:40	5.0	1.3156788852675465	4.570646921620125	5.0	3.9093864177773594	2.8814399051705477	5.0	1.6109066473135853	5.0	5.0
09:45	5.0	1.3156788852675465	4.987313588286791	5.0	4.326053084444026	3.2981065718372147	5.0	1.6109066473135853	5.0	5.0
09:50	5.0	1.3156788852675465	5.0	5.0	4.742719751110693	3.714773238503881	5.0	1.6109066473135853	5.0	5.0
09:55	5.0	1.3156788852675465	5.0	5.0	5.0	4.131439905170548	5.0	1.6109066473135853	5.0	5.0
10:00	5.0	1.3156788852675465	5.0	5.0	5.0	4.548106571837215	5.0	1.6109066473135853	5.0	5.0
10:05	5.0	1.3156788852675465	5.0	5.0	5.0	4.964773238503882	5.0	1.6109066473135853	5.0	5.0
10:10	5.0	1.3156788852675465	5.0	5.0	5.0	5.0	5.0	1.6109066473135853	5.0	5.0
10:15	5.0	1.3156788852675465	5.0	5.0	5.0	5.0	5.0	1.6109066473135853	5.0	5.0
10:20	5.0	1.3156788852675465	5.0	5.0	5.0	5.0	5.0	1.6109066473135853	5.0	5.0
10:25	5.0	1.3156788852675465	5.0	5.0	5.0	5.0	5.0	1.6109066473135853	5.0	5.0
10:30	5.0	1.3156788852675465	5.0	5.0	5.0	5.0	5.0	1.6109066473135853	5.0	5.0
10:35	5.0	1.3156788852675465	4.421912008277572	5.0	5.0	5.0	5.0	1.6109066473135853	5.0	5.0
10:40	4.546626879075368	1.3156788852675465	4.190791447876699	5.0	4.856308169288999	4.877725178183909	5.0	1.6109066473135853	5.0	5.0
10:45	4.546626879075368	1.3156788852675465	4.607458114543365	5.0	4.796665465796534	4.877725178183909	5.0	1.6109066473135853	5.0	5.0
10:50	4.546626879075368	1.3156788852675465	5.0	5.0	5.0	4.877725178183909	5.0	1.6109066473135853	5.0	5.0
10:55	4.546626879075368	1.3156788852675465	5.0	5.0	5.0	4.877725178183909	5.0	1.6109066473135853	5.0	5.0
11:00	4.546626879075368	1.3156788852675465	5.0	5.0	5.0	4.877725178183909	5.0	1.6109066473135853	5.0	5.0
11:05	4.546626879075368	1.3156788852675465	5.0	5.0	5.0	4.877725178183909	5.0	1.6109066473135853	5.0	5.0
11:10	4.546626879075368	1.3156788852675465	5.0	5.0	5.0	4.877725178183909	5.0	1.6109066473135853	5.0	5.0
11:15	4.546626879075368	1.3156788852675465	5.0	5.0	5.0	4.877725178183909	5.0	1.6109066473135853	5.0	5.0
11:20	4.546626879075368	1.3156788852675465	5.0	5.0	5.0	4.877725178183909	5.0	1.6109066473135853	5.0	5.0
11:25	4.546626879075368	1.3156788852675465	5.0	5.0	5.0	4.877725178183909	5.0	1.6109066473135853	5.0	5.0
11:30	4.546626879075368	1.3156788852675465	5.0	5.0	5.0	4.877725178183909	5.0	1.6109066473135853	5.0	5.0
11:35	4.546626879075368	1.3156788852675465	5.0	5.0	5.0	4.877725178183909	5.0	1.6109066473135853	5.0	5.0
11:40	4.546626879075368	1.3156788852675465	5.0	5.0	5.0	4.877725178183909	5.0	1.6109066473135853	5.0	5.0
11:45	4.546626879075368	1.3156788852675465	5.0	5.0	5.0	4.877725178183909	5.0	1.6109066473135853	5.0	5.0
11:50	4.546626879075368	1.3156788852675465	5.0	5.0	5.0	4.877725178183909	5.0	1.6109066473135853	5.0	5.0
11:55	4.546626879075368	1.3156788852675465	5.0	5.0	5.0	4.877725178183909	5.0	1.6109066473135853	5.0	5.0
12:00	4.546626879075368	1.3156788852675465	5.0	5.0	5.0	4.877725178183909	5.0	1.6109066473135853	5.0	5.0
12:05	4.546626879075368	1.3156788852675465	5.0	5.0	5.0	4.877725178183909	5.0	1.6109066473135853	5.0	5.0
12:10	4.546626879075368	1.3156788852675465	5.0	5.0	5.0	4.877725178183909	5.0	1.6109066473135853	5.0	5.0
12:15	4.546626879075368	1.3156788852675465	5.0	5.0	4.9117466483148196	4.877725178183909	5.0	1.6109066473135853	5.0	5.0
12:20	4.546626879075368	1.3156788852675465	5.0	5.0	5.0	4.877725178183909	5.0	1.6109066473135853	5.0	5.0
12:25	4.546626879075368	1.3156788852675465	5.0	5.0	5.0	4.877725178183909	5.0	1.6109066473135853	5.0	5.0
12:30	4.546626879075368	1.3156788852675465	5.0	5.0	5.0	4.877725178183909	5.0	1.6109066473135853	5.0	5.0
12:35	4.546626879075368	1.3156788852675465	5.0	5.0	5.0	4.877725178183909	5.0	1.6109066473135853	5.0	5.0
12:40	4.546626879075368	1.3156788852675465	5.0	5.0	5.0	4.877725178183909	5.0	1.6109066473135853	5.0	5.0
12:45	4.546626879075368	1.3156788852675465	5.0	5.0	5.0	4.877725178183909	5.0	1.6109066473135853	5.0	5.0
12:50	4.546626879075368	1.3156788852675465	5.0	5.0	5.0	4.877725178183909	5.0	1.6109066473135853	5.0	5.0
12:55	4.546626879075368	1.3156788852675465	5.0	5.0	5.0	4.877725178183909	5.0	1.6109066473135853	5.0	5.0
13:00	4.546626879075368	1.3156788852675465	5.0	5.0	5.0	4.877725178183909	5.0	1.6109066473135853	5.0	5.0
13:05	4.546626879075368	1.3156788852675465	5.0	5.0	5.0	4.877725178183909	5.0	1.6109066473135853	5.0	5.0
13:10	4.546626879075368	1.3156788852675465	5.0	5.0	5.0	4.877725178183909	5.0	1.6109066473135853	5.0	5.0
13:15	4.546626879075368	1.3156788852675465	5.0	5.0	5.0	4.877725178183909	5.0	1.6109066473135853	5.0	5.0
13:20	4.546626879075368	1.3156788852675465	5.0	5.0	5.0	4.877725178183909	5.0	1.6109066473135853	5.0	5.0
13:25	4.546626879075368	1.3156788852675465	5.0	5.0	5.0	4.877725178183909	5.0	1.6109066473135853	5.0	5.0
13:30	4.546626879075368	1.3156788852675465	5.0	5.0	5.0	4.877725178183909	5.0	1.6109066473135853	5.0	5.0
13:35	4.546626879075368	1.3156788852675465	5.0	4.120470899145971	5.0	4.877725178183909	5.0	1.6109066473135853	4.251393307870805	5.0
13:40	4.546626879075368	1.3156788852675465	4.680894417616897	4.04827903740392	5.0	4.877725178183909	5.0	1.6109066473135853	3.3752370229372652	5.0
13:45	4.546626879075368	1.3156788852675465	5.0	4.464945704070587	4.789341547131022	4.877725178183909	5.0	1.6109066473135853	3.236517278437383	5.0
13:50	4.546626879075368	1.3156788852675465	5.0	4.881612370737253	3.860026532053551	4.877725178183909	5.0	1.6109066473135853	3.65318394510405	5.0
13:55	4.546626879075368	1.3156788852675465	5.0	5.0	4.276693198720218	4.877725178183909	5.0	1.6109066473135853	4.0698506117707165	5.0
14:00	4.546626879075368	1.3156788852675465	5.0	5.0	4.693359865386885	4.877725178183909	5.0	1.6109066473135853	4.4865172784373835	5.0
14:05	4.546626879075368	1.3156788852675465	5.0	5.0	5.0	4.877725178183909	5.0	1.6109066473135853	4.9031839451040495	5.0
14:10	4.546626879075368	1.3156788852675465	5.0	5.0	5.0	4.877725178183909	5.0	1.6109066473135853	5.0	5.0
14:15	4.546626879075368	1.3156788852675465	5.0	5.0	5.0	4.877725178183909	5.0	1.6109066473135853	5.0	5.0
14:20	4.546626879075368	1.3156788852675465	5.0	5.0	5.0	4.877725178183909	5.0	1.6109066473135853	5.0	5.0
14:25	4.546626879075368	1.3156788852675465	5.0	5.0	5.0	4.877725178183909	5.0	1.6109066473135853	5.0	5.0
14:30	4.546626879075368	1.3156788852675465	5.0	5.0	5.0	4.877725178183909	5.0	1.6109066473135853	5.0	5.0
14:35	4.546626879075368	1.3156788852675465	5.0	5.0	5.0	4.877725178183909	5.0	1.6109066473135853	5.0	5.0
14:40	4.546626879075368	1.3156788852675465	5.0	5.0	5.0	4.877725178183909	5.0	1.6109066473135853	5.0	5.0
14:45	4.546626879075368	1.3156788852675465	5.0	5.0	5.0	4.877725178183909	5.0	1.6109066473135853	5.0	5.0
14:50	4.546626879075368	1.3156788852675465	5.0	5.0	5.0	4.877725178183909	5.0	1.6109066473135853	5.0	5.0
14:55	4.546626879075368	1.3156788852675465	5.0	5.0	5.0	4.877725178183909	5.0	1.6109066473135853	5.0	5.0
15:00	4.546626879075368	1.3156788852675465	5.0	5.0	5.0	4.877725178183909	5.0	1.6109066473135853	5.0	5.0
15:05	4.546626879075368	1.3156788852675465	5.0	5.0	5.0	4.877725178183909	5.0	1.6109066473135853	5.0	5.0
15:10	4.546626879075368	1.3156788852675465	5.0	5.0	5.0	4.877725178183909	5.0	1.6109066473135853	5.0	5.0
15:15	4.546626879075368	1.3156788852675465	5.0	5.0	5.0	4.877725178183909	5.0	1.6109066473135853	4.511545505294393	5.0
15:20	4.546626879075368	1.3156788852675465	5.0	5.0	4.930626912157683	4.877725178183909	5.0	1.6109066473135853	3.6320923033721466	5.0
15:25	4.546626879075368	1.3156788852675465	5.0	5.0	4.064876364294947	4.877725178183909	5.0	1.6109066473135853	3.0851216070188787	5.0
15:30	4.546626879075368	1.3156788852675465	5.0	5.0	4.295255890832978	4.877725178183909	5.0	1.6109066473135853	3.5017882736855457	5.0
15:35	4.546626879075368	1.3156788852675465	5.0	5.0	4.711922557499645	4.877725178183909	5.0	1.6109066473135853	3.918454940352212	5.0
15:40	4.546626879075368	1.3156788852675465	5.0	5.0	5.0	4.877725178183909	5.0	1.6109066473135853	4.335121607018879	5.0
15:45	4.546626879075368	1.3156788852675465	5.0	5.0	5.0	4.877725178183909	5.0	1.6109066473135853	4.751788273685546	5.0
15:50	4.546626879075368	1.3156788852675465	5.0	5.0	5.0	4.877725178183909	5.0	1.6109066473135853	5.0	5.0
15:55	4.546626879075368	1.3156788852675465	5.0	5.0	5.0	4.877725178183909	5.0	1.6109066473135853	5.0	5.0
16:00	4.546626879075368	1.3156788852675465	5.0	5.0	5.0	4.877725178183909	5.0	1.6109066473135853	5.0	5.0
16:05	4.546626879075368	1.3156788852675465	5.0	5.0	5.0	4.877725178183909	5.0	1.6109066473135853	5.0	5.0
16:10	4.546626879075368	1.3156788852675465	5.0	5.0	5.0	4.877725178183909	5.0	1.6109066473135853	5.0	5.0
16:15	4.546626879075368	1.3156788852675465	5.0	5.0	5.0	4.877725178183909	5.0	1.6109066473135853	5.0	5.0
16:20	4.546626879075368	1.3156788852675465	5.0	5.0	5.0	4.877725178183909	5.0	1.6109066473135853	5.0	5.0
16:25	4.546626879075368	1.3156788852675465	5.0	5.0	5.0	4.877725178183909	5.0	1.6109066473135853	5.0	5.0
16:30	4.546626879075368	1.3156788852675465	5.0	5.0	5.0	4.877725178183909	5.0	1.6109066473135853	5.0	5.0
16:35	4.546626879075368	1.3156788852675465	5.0	5.0	5.0	4.877725178183909	5.0	1.6109066473135853	5.0	5.0
16:40	4.546626879075368	1.3156788852675465	4.958162165247724	5.0	5.0	4.877725178183909	5.0	1.6109066473135853	5.0	5.0
16:45	4.546626879075368	1.3156788852675465	5.0	5.0	5.0	4.877725178183909	5.0	1.6109066473135853	5.0	5.0
16:50	4.546626879075368	1.3156788852675465	5.0	5.0	5.0	4.877725178183909	5.0	1.6109066473135853	5.0	5.0
16:55	4.546626879075368	1.3156788852675465	5.0	5.0	5.0	4.877725178183909	5.0	1.6109066473135853	4.798149351128746	5.0
17:00	4.546626879075368	1.3156788852675465	5.0	5.0	4.146711700542288	4.877725178183909	5.0	1.6109066473135853	3.9729490121374886	5.0
17:05	4.546626879075368	1.3156788852675465	5.0	5.0	4.34946376651332	4.877725178183909	5.0	1.6109066473135853	3.0236631215500855	5.0
17:10	4.546626879075368	1.3156788852675465	5.0	5.0	4.7661304331799865	4.877725178183909	5.0	1.6109066473135853	3.3504525056474455	5.0
17:15	4.546626879075368	1.3156788852675465	5.0	5.0	5.0	4.877725178183909	5.0	1.6109066473135853	3.767119172314112	5.0
17:20	4.546626879075368	1.3156788852675465	5.0	5.0	5.0	4.877725178183909	5.0	1.6109066473135853	4.1837858389807785	5.0
17:25	4.546626879075368	1.3156788852675465	5.0	5.0	5.0	4.877725178183909	5.0	1.6109066473135853	4.6004525056474455	5.0
17:30	4.546626879075368	1.3156788852675465	5.0	5.0	5.0	4.877725178183909	5.0	1.6109066473135853	5.0	5.0
17:35	4.546626879075368	1.3156788852675465	5.0	5.0	5.0	4.877725178183909	5.0	1.6109066473135853	5.0	5.0
17:40	4.546626879075368	1.3156788852675465	5.0	5.0	5.0	4.877725178183909	5.0	1.6109066473135853	5.0	5.0
17:45	4.546626879075368	1.3156788852675465	5.0	5.0	5.0	4.877725178183909	5.0	1.6109066473135853	5.0	5.0
17:50	4.546626879075368	1.3156788852675465	5.0	5.0	5.0	4.877725178183909	5.0	1.6109066473135853	5.0	5.0
17:55	4.546626879075368	1.3156788852675465	5.0	5.0	5.0	4.877725178183909	5.0	1.6109066473135853	5.0	5.0
18:00	4.546626879075368	1.3156788852675465	5.0	5.0	5.0	4.877725178183909	5.0	1.6109066473135853	5.0	5.0
18:05	3.7467478331869994	0.3593986341870758	5.0	5.0	5.0	3.9045855703984036	5.0	0.6931419365437763	5.0	5.0
18:10	4.163414499853666	0.2415226103719501	5.0	4.481587097833698	5.0	3.848126822083526	5.0	0.12610071236741993	5.0	5.0
18:15	4.5800811665203325	0.2415226103719501	5.0	4.428808048490868	5.0	3.848126822083526	5.0	0.12610071236741993	5.0	5.0
18:20	4.996747833186999	0.2415226103719501	5.0	4.845474715157534	5.0	3.848126822083526	5.0	0.12610071236741993	5.0	5.0
18:25	5.0	0.2415226103719501	5.0	5.0	5.0	3.848126822083526	5.0	0.12610071236741993	5.0	5.0
18:30	5.0	0.2415226103719501	5.0	5.0	5.0	3.848126822083526	5.0	0.12610071236741993	5.0	5.0
18:35	5.0	0.2415226103719501	5.0	5.0	5.0	3.848126822083526	5.0	0.12610071236741993	5.0	5.0
18:40	5.0	0.2415226103719501	5.0	5.0	5.0	3.848126822083526	5.0	0.12610071236741993	4.004431385922227	5.0
18:45	5.0	0.2415226103719501	5.0	5.0	5.0	3.848126822083526	5.0	0.12610071236741993	2.9683426106287296	5.0
18:50	5.0	0.2415226103719501	5.0	5.0	5.0	3.848126822083526	5.0	0.12610071236741993	2.5113440968227962	5.0
18:55	5.0	0.2415226103719501	5.0	5.0	5.0	3.848126822083526	5.0	0.12610071236741993	2.9280107634894628	5.0
19:00	5.0	0.2415226103719501	5.0	5.0	5.0	3.848126822083526	5.0	0.12610071236741993	3.3446774301561293	5.0
19:05	5.0	0.2415226103719501	5.0	5.0	5.0	3.848126822083526	5.0	0.12610071236741993	3.7613440968227962	5.0
19:10	5.0	0.2415226103719501	5.0	5.0	5.0	3.848126822083526	5.0	0.12610071236741993	4.178010763489462	5.0
19:15	5.0	0.2415226103719501	5.0	5.0	5.0	3.848126822083526	5.0	0.12610071236741993	4.594677430156129	5.0
19:20	5.0	0.2415226103719501	5.0	5.0	5.0	3.848126822083526	5.0	0.12610071236741993	5.0	5.0
19:25	5.0	0.2415226103719501	5.0	5.0	5.0	3.848126822083526	5.0	0.12610071236741993	5.0	5.0
19:30	5.0	0.2415226103719501	5.0	5.0	5.0	3.848126822083526	5.0	0.12610071236741993	5.0	5.0
19:35	4.9027781877810455	0.2415226103719501	5.0	5.0	5.0	3.848126822083526	5.0	0.12610071236741993	5.0	5.0
19:40	4.9027781877810455	0.2415226103719501	5.0	5.0	5.0	3.848126822083526	5.0	0.12610071236741993	5.0	5.0
19:45	4.9027781877810455	0.2415226103719501	4.723665849652051	4.497885771491139	5.0	3.848126822083526	5.0	0.12610071236741993	5.0	5.0
19:50	4.9027781877810455	0.2415226103719501	5.0	3.8812889567840574	5.0	3.848126822083526	5.0	0.12610071236741993	5.0	5.0
19:55	4.9027781877810455	0.2415226103719501	5.0	4.297955623450724	5.0	3.848126822083526	5.0	0.12610071236741993	5.0	5.0
20:00	4.9027781877810455	0.2415226103719501	5.0	4.714622290117391	5.0	3.848126822083526	5.0	0.12610071236741993	5.0	5.0
20:05	4.9027781877810455	0.2415226103719501	5.0	5.0	4.928048356713519	3.848126822083526	5.0	0.12610071236741993	5.0	5.0
20:10	4.9027781877810455	0.2415226103719501	5.0	5.0	5.0	3.848126822083526	5.0	0.12610071236741993	5.0	5.0
20:15	4.9027781877810455	0.2415226103719501	5.0	5.0	5.0	3.848126822083526	5.0	0.12610071236741993	5.0	5.0
20:20	4.9027781877810455	0.2415226103719501	5.0	5.0	5.0	3.848126822083526	5.0	0.12610071236741993	4.733910319507531	5.0
20:25	4.9027781877810455	0.2415226103719501	5.0	5.0	5.0	3.848126822083526	5.0	0.12610071236741993	3.8503513083881122	5.0
20:30	4.9027781877810455	0.2415226103719501	5.0	5.0	5.0	3.848126822083526	5.0	0.12610071236741993	2.726133230684252	5.0
20:35	4.9027781877810455	0.2415226103719501	5.0	5.0	5.0	3.848126822083526	5.0	0.12610071236741993	3.142799897350919	5.0
20:40	4.9027781877810455	0.2415226103719501	5.0	5.0	5.0	3.848126822083526	5.0	0.12610071236741993	3.5594665640175855	5.0
20:45	4.9027781877810455	0.2415226103719501	5.0	5.0	5.0	3.848126822083526	5.0	0.12610071236741993	3.976133230684252	5.0
20:50	4.9027781877810455	0.2415226103719501	5.0	5.0	5.0	3.848126822083526	5.0	0.12610071236741993	4.392799897350919	5.0
20:55	4.9027781877810455	0.2415226103719501	5.0	5.0	5.0	3.848126822083526	5.0	0.12610071236741993	4.809466564017586	5.0
21:00	4.9027781877810455	0.2415226103719501	5.0	5.0	5.0	3.848126822083526	5.0	0.12610071236741993	5.0	5.0
21:05	4.9027781877810455	0.2415226103719501	5.0	5.0	5.0	3.848126822083526	5.0	0.12610071236741993	5.0	5.0
21:10	4.9027781877810455	0.2415226103719501	5.0	5.0	5.0	3.848126822083526	4.892370412797595	0.12610071236741993	5.0	5.0
21:15	4.9027781877810455	0.2415226103719501	4.912818550861737	5.0	5.0	3.848126822083526	4.174526438026356	0.12610071236741993	5.0	5.0
21:20	4.9027781877810455	0.2415226103719501	5.0	4.783079894262166	5.0	3.848126822083526	4.416341784058291	0.12610071236741993	5.0	5.0
21:25	4.9027781877810455	0.2415226103719501	5.0	4.2681689646118945	5.0	3.848126822083526	4.833008450724958	0.12610071236741993	5.0	5.0
21:30	4.9027781877810455	0.2415226103719501	5.0	4.684835631278561	5.0	3.848126822083526	5.0	0.12610071236741993	5.0	5.0
21:35	4.9027781877810455	0.2415226103719501	5.0	5.0	4.856703685078416	3.848126822083526	5.0	0.12610071236741993	5.0	5.0
21:40	4.9027781877810455	0.2415226103719501	5.0	5.0	5.0	3.848126822083526	5.0	0.12610071236741993	5.0	5.0
21:45	4.9027781877810455	0.2415226103719501	5.0	5.0	5.0	3.848126822083526	5.0	0.12610071236741993	5.0	5.0
21:50	4.9027781877810455	0.2415226103719501	5.0	5.0	5.0	3.848126822083526	5.0	0.12610071236741993	5.0	5.0
21:55	4.9027781877810455	0.2415226103719501	5.0	5.0	5.0	3.848126822083526	5.0	0.12610071236741993	5.0	5.0
22:00	4.9027781877810455	0.2415226103719501	5.0	5.0	5.0	3.848126822083526	5.0	0.12610071236741993	4.9870625861079425	5.0
22:05	4.9027781877810455	0.2415226103719501	5.0	5.0	5.0	3.848126822083526	5.0	0.12610071236741993	4.071353650261191	5.0
22:10	4.9027781877810455	0.2415226103719501	5.0	5.0	5.0	3.848126822083526	5.0	0.12610071236741993	3.207395360543446	5.0
22:15	4.9027781877810455	0.2415226103719501	5.0	5.0	5.0	3.848126822083526	5.0	0.12610071236741993	3.197822180206814	5.0
22:20	4.9027781877810455	0.2415226103719501	5.0	5.0	5.0	3.848126822083526	5.0	0.12610071236741993	3.614488846873481	5.0
22:25	4.9027781877810455	0.2415226103719501	5.0	5.0	5.0	3.848126822083526	5.0	0.12610071236741993	4.031155513540147	5.0
22:30	4.9027781877810455	0.2415226103719501	5.0	5.0	5.0	3.848126822083526	5.0	0.12610071236741993	4.447822180206814	5.0
22:35	4.9027781877810455	0.2415226103719501	5.0	5.0	5.0	3.848126822083526	5.0	0.12610071236741993	4.86448884687348	5.0
22:40	4.9027781877810455	0.2415226103719501	5.0	5.0	5.0	3.848126822083526	5.0	0.12610071236741993	5.0	5.0
22:45	4.9027781877810455	0.2415226103719501	5.0	5.0	5.0	3.848126822083526	5.0	0.12610071236741993	5.0	5.0
22:50	4.9027781877810455	0.2415226103719501	5.0	5.0	5.0	3.848126822083526	4.958740403160159	0.12610071236741993	5.0	5.0
22:55	4.9027781877810455	0.2415226103719501	5.0	4.822562272881669	5.0	3.848126822083526	5.0	0.12610071236741993	5.0	5.0
23:00	4.9027781877810455	0.2415226103719501	5.0	4.646597508321552	5.0	3.848126822083526	5.0	0.12610071236741993	5.0	5.0
23:05	4.9027781877810455	0.2415226103719501	5.0	5.0	4.961062184338699	3.848126822083526	5.0	0.12610071236741993	5.0	5.0
23:10	4.9027781877810455	0.2415226103719501	5.0	5.0	4.368641172962809	3.848126822083526	5.0	0.12610071236741993	5.0	5.0
23:15	4.9027781877810455	0.2415226103719501	5.0	5.0	4.785307839629477	3.848126822083526	5.0	0.12610071236741993	5.0	5.0
23:20	4.9027781877810455	0.2415226103719501	5.0	5.0	5.0	3.848126822083526	5.0	0.12610071236741993	5.0	5.0
23:25	4.9027781877810455	0.2415226103719501	5.0	5.0	5.0	3.848126822083526	5.0	0.12610071236741993	5.0	5.0
23:30	4.9027781877810455	0.2415226103719501	5.0	5.0	5.0	3.848126822083526	5.0	0.12610071236741993	5.0	5.0
23:35	4.9027781877810455	0.2415226103719501	5.0	5.0	5.0	3.848126822083526	5.0	0.12610071236741993	5.0	5.0
23:40	4.9027781877810455	0.2415226103719501	5.0	5.0	5.0	3.848126822083526	5.0	0.12610071236741993	5.0	5.0
23:45	4.9027781877810455	0.2415226103719501	5.0	5.0	5.0	3.848126822083526	5.0	0.12610071236741993	5.0	5.0
23:50	4.9027781877810455	0.2415226103719501	5.0	5.0	5.0	3.848126822083526	5.0	0.12610071236741993	5.0	5.0
23:55	4.9027781877810455	0.2415226103719501	5.0	5.0	5.0	3.848126822083526	5.0	0.12610071236741993	5.0	5.0
24:00	4.9027781877810455	0.2415226103719501	5.0	5.0	5.0	3.848126822083526	5.0	0.12610071236741993	5.0	5.0
